137 
137 
137 
137 
137 
137 
137 
137 
137 
42 
42 
42 
42 
42 
42 
42 
42 
42 
42 
42 
42 
42 
42 
42 
42 
42 
42 
42 
42 
42 
42 
42 
42 
42 
42 
42 
42 
42 
42 
42 
42 
42 
42 
42 
42 
42 
42 
42 
42 
42 
42 
42 
42 
42 
42 
42 
42 
42 
42 
42 
42 
42 
42 
42 
42 
42 
42 
42 
42 
42 
42 
42 
42 
42 
42 
42 
42 
42 
42 
138 
138 
138 
138 
137 
137 
137 
137 
137 
137 
137 
137 
137 
137 
137 
137 
137 
137 
137 
137 
137 
137 
137 
137 
137 
137 
137 
137 
137 
137 
137 
137 
137 
137 
138 
138 
138 
138 
137 
137 
137 
137 
137 
136 
136 
136 
136 
136 
136 
136 
136 
135 
135 
135 
135 
135 
134 
134 
134 
45 
44 
44 
44 
44 
44 
44 
44 
44 
44 
44 
44 
44 
44 
44 
44 
44 
44 
44 
44 
135 
135 
135 
135 
135 
134 
134 
134 
134 
134 
134 
134 
134 
134 
134 
134 
44 
44 
44 
44 
44 
44 
44 
44 
44 
44 
43 
136 
136 
136 
136 
136 
137 
137 
137 
137 
136 
136 
136 
136 
136 
136 
136 
136 
136 
136 
136 
136 
136 
43 
43 
43 
43 
43 
43 
43 
43 
43 
42 
42 
42 
42 
42 
41 
41 
41 
41 
41 
41 
41 
41 
42 
42 
42 
42 
43 
43 
43 
43 
44 
44 
44 
44 
44 
44 
44 
44 
44 
44 
44 
44 
45 
45 
45 
45 
46 
46 
46 
46 
46 
46 
46 
46 
45 
45 
45 
45 
45 
45 
45 
133 
133 
133 
133 
133 
133 
133 
133 
133 
133 
133 
133 
133 
133 
133 
133 
133 
133 
134 
134 
134 
134 
134 
134 
134 
134 
134 
134 
134 
134 
134 
134 
134 
134 
134 
134 
134 
134 
135 
135 
135 
135 
135 
135 
135 
135 
136 
136 
136 
136 
136 
136 
136 
136 
137 
137 
137 
137 
137 
137 
137 
137 
137 
137 
137 
137 
137 
137 
137 
137 
137 
137 
137 
137 
137 
137 
137 
137 
137 
137 
137 
137 
137 
137 
137 
137 
137 
137 
137 
137 
137 
137 
137 
42 
42 
42 
42 
42 
42 
42 
42 
42 
41 
41 
41 
41 
41 
41 
41 
41 
41 
41 
41 
41 
41 
41 
41 
41 
41 
41 
41 
41 
41 
42 
42 
43 
43 
43 
43 
43 
43 
43 
43 
43 
43 
43 
43 
43 
43 
43 
43 
43 
43 
43 
43 
44 
44 
44 
44 
44 
44 
44 
44 
44 
44 
44 
44 
44 
45 
45 
45 
45 
45 
45 
45 
45 
45 
45 
45 
46 
133 
133 
133 
133 
133 
133 
133 
133 
133 
133 
133 
132 
132 
132 
132 
133 
133 
133 
133 
134 
135 
135 
135 
135 
135 
135 
135 
135 
136 
136 
137 
137 
137 
137 
137 
137 
137 
137 
137 
137 
137 
137 
137 
137 
137 
138 
138 
138 
138 
138 
138 
138 
138 
138 
138 
138 
138 
138 
138 
138 
138 
138 
138 
138 
139 
139 
139 
139 
139 
139 
139 
139 
139 
139 
139 
139 
139 
139 
139 
139 
139 
139 
139 
140 
140 
140 
140 
140 
140 
140 
140 
140 
140 
140 
140 
140 
141 
141 
141 
141 
141 
141 
141 
141 
141 
141 
141 
142 
142 
142 
142 
142 
142 
142 
142 
142 
142 
142 
142 
142 
142 
142 
142 
142 
142 
142 
142 
143 
143 
143 
143 
143 
143 
143 
143 
143 
143 
143 
143 
143 
143 
143 
143 
143 
143 
143 
143 
143 
143 
143 
143 
143 
143 
143 
143 
143 
143 
143 
143 
143 
143 
143 
143 
143 
143 
143 
143 
143 
143 
142 
142 
142 
142 
142 
142 
142 
142 
142 
142 
142 
142 
142 
142 
142 
142 
142 
142 
142 
142 
142 
142 
141 
141 
141 
141 
141 
141 
141 
141 
141 
141 
141 
141 
141 
141 
141 
141 
141 
141 
141 
141 
141 
141 
141 
141 
141 
141 
140 
140 
140 
140 
140 
140 
140 
140 
140 
140 
140 
140 
140 
140 
140 
140 
140 
140 
140 
140 
140 
140 
140 
140 
140 
140 
140 
140 
140 
140 
140 
140 
140 
140 
140 
140 
140 
140 
139 
139 
139 
139 
139 
139 
139 
139 
139 
139 
139 
139 
139 
139 
139 
139 
139 
139 
139 
139 
139 
139 
139 
139 
139 
139 
139 
139 
139 
139 
139 
139 
139 
139 
139 
139 
139 
139 
139 
139 
139 
139 
139 
139 
139 
139 
139 
139 
139 
139 
139 
139 
139 
139 
139 
139 
139 
139 
139 
139 
139 
139 
139 
139 
139 
139 
139 
139 
139 
139 
139 
139 
139 
139 
139 
139 
139 
139 
139 
139 
139 
139 
139 
139 
139 
139 
139 
139 
139 
139 
139 
139 
139 
139 
139 
139 
139 
139 
139 
139 
139 
139 
139 
139 
139 
139 
139 
139 
139 
139 
139 
139 
139 
139 
139 
139 
139 
139 
139 
139 
139 
139 
139 
139 
139 
139 
139 
139 
139 
139 
139 
139 
139 
139 
139 
139 
139 
139 
139 
139 
139 
139 
139 
139 
139 
139 
139 
139 
139 
139 
139 
139 
139 
139 
139 
139 
139 
139 
139 
139 
139 
139 
139 
139 
139 
139 
139 
139 
139 
139 
139 
139 
