348 
348 
348 
348 
348 
348 
348 
348 
348 
348 
348 
347 
347 
347 
347 
347 
347 
347 
347 
347 
347 
347 
347 
348 
348 
348 
348 
348 
348 
348 
348 
348 
348 
348 
349 
190 
190 
189 
189 
350 
349 
349 
190 
189 
189 
190 
350 
350 
349 
348 
348 
347 
347 
347 
347 
347 
347 
347 
347 
348 
348 
348 
347 
348 
348 
348 
348 
347 
347 
347 
347 
347 
192 
192 
193 
193 
193 
193 
194 
194 
191 
191 
191 
191 
191 
190 
191 
347 
347 
348 
348 
348 
349 
349 
350 
351 
351 
352 
351 
351 
350 
350 
350 
350 
349 
349 
348 
348 
348 
347 
193 
193 
194 
194 
195 
195 
194 
193 
192 
192 
192 
192 
191 
192 
192 
192 
347 
347 
347 
348 
348 
348 
349 
349 
350 
350 
351 
351 
352 
352 
353 
352 
352 
353 
353 
353 
353 
353 
353 
353 
353 
353 
353 
353 
353 
353 
353 
353 
352 
352 
352 
351 
351 
351 
351 
351 
350 
350 
350 
349 
349 
349 
349 
349 
348 
348 
348 
348 
348 
349 
349 
349 
349 
349 
350 
350 
350 
350 
350 
350 
350 
350 
350 
350 
350 
350 
350 
350 
350 
350 
350 
350 
351 
351 
351 
351 
350 
350 
350 
350 
350 
350 
350 
350 
350 
350 
350 
350 
350 
350 
350 
350 
350 
350 
350 
350 
350 
350 
350 
350 
350 
350 
350 
350 
350 
350 
350 
