101 
101 
102 
102 
102 
102 
102 
102 
102 
102 
102 
102 
102 
102 
102 
102 
102 
102 
102 
102 
102 
102 
102 
102 
102 
102 
102 
102 
101 
101 
101 
101 
101 
101 
100 
79 
79 
80 
80 
99 
100 
100 
79 
80 
80 
79 
99 
99 
100 
101 
102 
102 
102 
103 
103 
104 
103 
103 
103 
102 
103 
103 
104 
103 
103 
102 
102 
102 
102 
102 
102 
102 
77 
77 
76 
76 
76 
76 
75 
75 
77 
77 
77 
78 
78 
78 
78 
102 
102 
102 
102 
102 
101 
101 
101 
101 
100 
100 
101 
101 
102 
102 
102 
101 
101 
101 
101 
101 
101 
102 
76 
76 
75 
75 
74 
74 
74 
75 
76 
76 
76 
77 
77 
77 
77 
77 
102 
102 
102 
102 
101 
101 
101 
101 
101 
100 
100 
100 
100 
100 
101 
102 
102 
102 
101 
101 
100 
99 
99 
99 
98 
98 
98 
98 
98 
99 
99 
99 
99 
100 
99 
100 
100 
100 
100 
100 
100 
100 
101 
101 
102 
102 
102 
102 
102 
103 
102 
102 
102 
101 
101 
101 
101 
101 
101 
100 
100 
100 
100 
100 
100 
100 
100 
100 
100 
100 
100 
100 
100 
100 
100 
99 
99 
99 
99 
99 
99 
99 
100 
100 
100 
99 
99 
100 
100 
100 
100 
100 
100 
100 
100 
100 
100 
100 
100 
100 
100 
100 
100 
100 
100 
100 
100 
100 
100 
100 
100 
