106 
106 
107 
107 
107 
107 
107 
107 
107 
107 
107 
107 
107 
107 
107 
107 
107 
107 
107 
107 
107 
107 
107 
108 
108 
108 
108 
108 
107 
106 
105 
104 
104 
102 
101 
100 
99 
99 
99 
100 
100 
101 
99 
97 
97 
99 
99 
101 
103 
104 
105 
107 
109 
111 
112 
113 
113 
113 
113 
113 
113 
115 
117 
116 
116 
114 
113 
111 
109 
106 
105 
102 
102 
102 
102 
102 
102 
103 
102 
101 
95 
94 
95 
96 
98 
99 
101 
103 
105 
107 
108 
109 
111 
112 
113 
113 
114 
116 
118 
119 
120 
120 
121 
117 
114 
111 
106 
104 
103 
103 
103 
103 
103 
103 
103 
102 
100 
100 
98 
97 
97 
98 
99 
100 
101 
102 
104 
105 
105 
106 
106 
108 
108 
109 
110 
112 
113 
114 
115 
117 
122 
125 
128 
129 
130 
129 
128 
127 
126 
124 
122 
120 
119 
119 
119 
120 
121 
121 
123 
123 
120 
121 
120 
119 
118 
116 
117 
117 
117 
117 
116 
115 
115 
114 
114 
114 
113 
112 
112 
110 
110 
109 
110 
110 
110 
109 
109 
109 
109 
108 
108 
108 
108 
108 
108 
108 
108 
108 
109 
109 
109 
109 
109 
109 
109 
110 
110 
110 
109 
109 
109 
109 
109 
109 
109 
109 
109 
109 
109 
109 
109 
109 
109 
109 
109 
109 
109 
109 
109 
109 
109 
109 
109 
109 
109 
109 
109 
