-139 
-138 
-138 
-138 
-138 
-138 
-138 
-138 
-138 
-138 
-138 
-138 
-138 
-138 
-138 
-138 
-138 
-138 
-138 
-138 
-138 
-138 
-138 
-138 
-138 
-138 
-138 
-138 
-138 
-138 
-138 
-138 
-138 
-138 
-138 
-137 
-137 
-137 
-137 
-137 
-137 
-137 
-137 
-137 
-137 
-137 
-137 
-137 
-137 
-137 
-137 
-137 
-137 
-137 
-137 
-137 
-137 
-137 
-137 
-137 
-137 
-137 
-137 
-137 
-137 
-137 
-137 
-137 
-137 
-138 
-138 
-139 
-139 
-140 
-140 
-141 
-142 
-142 
-143 
-144 
-145 
-146 
-147 
-149 
-150 
-151 
-152 
-153 
-155 
-156 
-157 
-159 
-160 
-162 
-163 
-165 
-167 
-169 
-171 
-173 
-175 
-178 
179 
177 
174 
172 
170 
168 
166 
165 
163 
162 
160 
159 
157 
156 
155 
154 
152 
151 
150 
149 
148 
147 
145 
144 
143 
142 
141 
140 
139 
138 
138 
137 
136 
135 
134 
133 
131 
130 
129 
128 
128 
127 
126 
126 
125 
124 
123 
123 
122 
121 
121 
120 
119 
118 
117 
115 
114 
112 
111 
110 
109 
108 
107 
106 
105 
104 
103 
102 
101 
100 
100 
99 
98 
98 
97 
97 
96 
96 
95 
95 
95 
94 
94 
94 
93 
93 
93 
93 
92 
92 
92 
92 
92 
91 
91 
90 
90 
89 
89 
89 
89 
88 
88 
88 
88 
88 
88 
88 
87 
87 
86 
86 
85 
85 
85 
84 
84 
84 
84 
84 
84 
84 
83 
83 
83 
83 
82 
82 
82 
82 
81 
81 
81 
80 
80 
80 
79 
79 
78 
78 
78 
78 
77 
77 
77 
77 
77 
77 
76 
76 
76 
76 
76 
75 
75 
74 
74 
74 
73 
73 
73 
72 
72 
72 
72 
71 
71 
71 
71 
71 
70 
70 
70 
70 
70 
70 
69 
69 
69 
69 
69 
68 
68 
68 
68 
68 
68 
67 
67 
67 
67 
67 
66 
66 
66 
66 
66 
65 
65 
65 
65 
65 
64 
64 
64 
64 
64 
64 
64 
63 
63 
63 
63 
63 
62 
62 
62 
62 
62 
62 
62 
62 
62 
61 
61 
61 
61 
61 
61 
61 
61 
61 
60 
60 
60 
60 
60 
60 
60 
60 
59 
59 
59 
59 
59 
59 
59 
58 
58 
58 
58 
58 
58 
58 
58 
58 
58 
58 
57 
57 
57 
57 
57 
57 
57 
57 
57 
57 
56 
56 
56 
56 
56 
56 
56 
56 
56 
56 
56 
56 
56 
56 
55 
55 
55 
55 
55 
55 
55 
55 
55 
55 
55 
55 
55 
55 
55 
55 
55 
54 
54 
54 
54 
54 
54 
54 
