0.6681096681096681
0.7976506656174176
0.7293956043956045
0.6654411764705882
0.5806818181818182
0.6672077922077921
0.756628787878788
0.3976190476190476
0.5405844155844155
0.7230201863354038
0.7071428571428572
0.6431818181818181
0.7702380952380953
0.6944444444444444
0.7952380952380952
0.8041666666666667
0.8708333333333333
0.6805555555555556
0.6121323529411764
0.7147435897435898
0.7833333333333333
0.8125
0.8854166666666666
0.8333333333333334
0.7767857142857143
0.7625
0.8809523809523809
0.7202380952380952
0.5347222222222222
0.7035714285714286
0.8125
0.5
