34.991119747575624
35.46191593420711
34.18824454773145
34.722043597272844
36.23387523858759
32.92035395427957
34.809389911283624
33.17925093404384
38.58099221728628
38.31062314636899
37.293811396671614
34.020939155719404
34.45038583753953
34.524830577536044
31.534255757560793
32.697410609886674
32.09167948342996
33.99883907517896
33.785594280038026
36.95114755900557
33.194252713657136
31.45531928744023
33.67598972698974
34.19883192570834
34.29578368037086
36.26854559139638
34.5417728503506
36.42093763031229
37.25048214231957
35.42097375844087
31.52287241633214
37.15539219025403
