0.6363636363636364
0.2727272727272727
0.6875
0.9642857142857143
0.5757575757575758
0.696969696969697
0.8571428571428571
0.3333333333333333
0.7894736842105263
0.5
0.5789473684210527
0.7272727272727273
0.8095238095238095
0.875
0.9545454545454546
0.5833333333333334
1.0
0.2727272727272727
0.6875
0.9642857142857143
0.5757575757575758
0.696969696969697
0.8571428571428571
0.3333333333333333
0.7894736842105263
0.5
0.5789473684210527
0.7272727272727273
0.8095238095238095
0.875
0.9545454545454546
0.5833333333333334
