Mean 55.52529411764704 standard_deviation 18.09549801588524 [38.35, 35.0, 46.06, 60.61, 38.35, 66.42, 66.42, 46.06, 46.06, 46.06, 95.79, 95.79, 42.03, 66.42, 42.03, 46.06, 66.42] Count 14 17
confidenedata0.8235294117647058 Mean 28.415909090909096 standard_deviation 2.114881597998743 [28.6, 25.85, 31.64, 25.85, 28.6, 25.85, 25.85, 31.64, 28.6, 28.6, 28.6, 28.6, 31.64, 28.6, 31.64, 31.64, 28.6, 25.85, 28.6, 25.85, 25.85, 28.6] Count 10 22
confidenedata0.45454545454545453 Mean 80.35357142857143 standard_deviation 13.822645295282074 [96.25, 71.7, 100.0, 100.0, 100.0, 71.7, 71.7, 79.1, 65.0, 65.0, 65.0, 65.0, 87.25, 87.25] Count 6 14
confidenedata0.42857142857142855 Mean 66.66333333333333 standard_deviation 8.024632217255952 [58.24, 58.24, 72.54, 65.0, 65.0, 80.96] Count 3 6
confidenedata0.5 Mean 34.01 standard_deviation 6.0135638351978935 [41.83, 28.16, 28.16, 37.89] Count 3 4
confidenedata0.75 Mean 66.68064516129031 standard_deviation 24.016604865408983 [100.0, 40.97, 100.0, 56.88, 45.71, 50.99, 40.97, 50.99, 56.88, 78.97, 40.97, 100.0, 100.0, 50.99, 63.46, 50.99, 100.0, 40.97, 50.99, 100.0, 100.0, 50.99, 45.71, 100.0, 100.0, 50.99, 50.99, 50.99, 100.0, 45.71, 50.99] Count 17 31
confidenedata0.5483870967741935 Mean 51.470000000000006 standard_deviation 11.707411571918268 [41.56, 41.56, 41.56, 46.04, 69.29, 69.29, 50.99] Count 5 7
confidenedata0.7142857142857143 Mean 63.5704 standard_deviation 16.02120856365087 [45.62, 45.62, 71.21, 88.97, 100.0, 45.62, 56.99, 50.99, 50.99, 50.99, 100.0, 79.59, 56.99, 79.59, 56.99, 56.99, 56.99, 56.99, 79.59, 56.99, 50.99, 79.59, 56.99, 56.99, 56.99] Count 19 25
confidenedata0.76 Mean 5.321964285714285 standard_deviation 0.7601020129910596 [5.0, 5.63, 5.0, 5.0, 5.0, 5.0, 5.0, 5.0, 5.0, 5.0, 5.0, 5.0, 5.0, 5.63, 5.63, 5.0, 5.63, 5.63, 5.0, 5.0, 5.0, 5.0, 5.0, 5.0, 5.63, 5.63, 5.0, 5.0, 5.0, 5.0, 5.0, 5.0, 5.63, 5.63, 5.0, 5.0, 5.63, 5.63, 5.0, 5.63, 5.0, 5.0, 5.0, 5.0, 5.63, 5.0, 5.0, 7.14, 5.63, 5.0, 5.63, 5.63, 5.0, 5.63, 5.0, 10.18] Count 54 56
confidenedata0.9642857142857143 Mean 6.179999999999999 standard_deviation 8.881784197001252E-16 [6.18, 6.18, 6.18, 6.18, 6.18, 6.18, 6.18, 6.18, 6.18, 6.18, 6.18] Count 11 11
confidenedata1.0 Mean 59.91820512820512 standard_deviation 23.15485294116879 [64.84, 64.84, 25.71, 58.51, 47.64, 38.79, 88.26, 88.26, 38.79, 23.2, 97.81, 42.99, 88.26, 79.64, 38.79, 42.99, 79.64, 79.64, 88.26, 79.64, 38.79, 88.26, 88.26, 79.64, 79.64, 88.26, 42.99, 25.71, 38.79, 79.64, 42.99, 42.99, 25.71, 79.64, 38.79, 38.79, 38.79, 42.99, 79.64] Count 27 39
confidenedata0.6923076923076923 Mean 44.527499999999996 standard_deviation 25.826360927354823 [81.71, 55.58, 20.41, 20.41] Count 3 4
confidenedata0.75 Mean 20.054666666666662 standard_deviation 3.826592682211625 [18.23, 20.19, 20.19, 18.23, 22.36, 18.23, 18.23, 18.23, 18.23, 18.23, 33.63, 18.23, 18.23, 20.19, 20.19] Count 14 15
confidenedata0.9333333333333333 Mean 22.556250000000002 standard_deviation 5.630857921977787 [15.19, 24.16, 26.1, 28.19, 28.19, 15.19, 24.16, 16.41, 16.41, 28.19, 28.19, 30.46, 17.73, 28.19, 17.73, 16.41] Count 5 16
confidenedata0.3125 Mean 22.81 standard_deviation 3.649328705392268 [33.14, 22.36, 20.27, 20.27, 22.36, 20.27, 24.67, 20.27, 24.67, 20.27, 22.36] Count 10 11
confidenedata0.9090909090909091 Mean 22.451724137931034 standard_deviation 2.721210517861638 [20.27, 20.27, 20.27, 22.36, 22.36, 20.27, 20.27, 27.22, 24.67, 24.67, 24.67, 27.22, 24.67, 22.36, 22.36, 22.36, 27.22, 24.67, 18.37, 22.36, 22.36, 18.37, 24.67, 18.37, 24.67, 24.67, 18.37, 18.37, 22.36] Count 21 29
confidenedata0.7241379310344828 Mean 19.507906976744177 standard_deviation 6.101207489387326 [26.41, 31.19, 16.03, 16.03, 31.19, 33.9, 36.84, 22.36, 22.36, 16.03, 17.42, 26.41, 13.57, 26.41, 11.49, 12.49, 22.36, 18.93, 16.03, 20.57, 16.03, 11.49, 16.03, 13.57, 16.03, 16.03, 24.3, 16.03, 16.03, 26.41, 16.03, 14.75, 26.41, 17.42, 17.42, 17.42, 16.03, 24.3, 17.42, 14.75, 17.42, 14.75, 14.75] Count 31 43
confidenedata0.7209302325581395 Mean 24.306400000000007 standard_deviation 2.5263125380680833 [26.7, 26.7, 26.7, 20.46, 20.46, 22.36, 26.7, 22.36, 22.36, 24.43, 24.43, 22.36, 22.36, 22.36, 26.7, 26.7, 20.46, 26.7, 22.36, 22.36, 22.36, 29.18, 26.7, 26.7, 26.7] Count 21 25
confidenedata0.84 Mean 49.470645161290335 standard_deviation 11.863930136908444 [40.97, 40.97, 98.28, 40.97, 45.71, 50.99, 63.46, 45.71, 63.46, 40.97, 40.97, 40.97, 40.97, 40.97, 56.88, 56.88, 50.99, 50.99, 45.71, 40.97, 63.46, 56.88, 50.99, 40.97, 40.97, 40.97, 45.71, 63.46, 40.97, 45.71, 45.71] Count 26 31
confidenedata0.8387096774193549 Mean 48.769999999999996 standard_deviation 17.611438153829283 [37.89, 28.16, 46.19, 46.19, 28.16, 68.61, 75.75, 75.75, 37.89, 37.89, 75.75, 37.89, 37.89] Count 7 13
confidenedata0.5384615384615384 Mean 39.21099999999999 standard_deviation 4.285156823267965 [38.79, 35.0, 35.0, 35.0, 38.79, 42.99, 47.64, 47.64, 42.99, 47.64, 35.0, 38.79, 35.0, 38.79, 38.79, 38.79, 35.0, 35.0, 38.79, 38.79] Count 17 20
confidenedata0.85 Mean 41.757878787878795 standard_deviation 8.674904158959095 [39.26, 35.0, 55.41, 35.0, 35.0, 39.26, 44.04, 39.26, 55.41, 35.0, 35.0, 55.41, 31.2, 35.0, 35.0, 35.0, 39.26, 35.0, 35.0, 39.26, 35.0, 55.41, 35.0, 39.26, 35.0, 55.41, 39.26, 39.26, 55.41, 35.0, 55.41, 55.41, 55.41] Count 23 33
confidenedata0.696969696969697 Mean 55.94285714285714 standard_deviation 15.246588109462124 [33.32, 71.38, 33.32, 59.0, 44.34, 44.34, 53.64, 71.38, 53.64, 71.38, 71.38, 33.32, 71.38, 71.38] Count 5 14
confidenedata0.35714285714285715 Mean 44.02863636363639 standard_deviation 16.2980553205407 [30.43, 53.4, 53.4, 33.42, 30.43, 30.43, 85.33, 36.7, 36.7, 33.42, 36.7, 44.27, 53.4, 36.7, 93.71, 30.43, 33.42, 33.42, 36.7, 64.41, 64.41, 100.0, 22.97, 36.7, 58.65, 36.7, 36.7, 36.7, 36.7, 36.7, 36.7, 40.31, 53.4, 36.7, 36.7, 53.4, 36.7, 36.7, 36.7, 36.7, 36.7, 53.4, 36.7, 53.4] Count 38 44
confidenedata0.8636363636363636 Mean 24.997037037037042 standard_deviation 4.304571914720282 [24.72, 20.23, 18.3, 22.36, 22.36, 30.2, 18.3, 20.23, 22.36, 20.23, 20.23, 24.72, 30.2, 22.36, 30.2, 30.2, 22.36, 22.36, 30.2, 30.2, 24.72, 30.2, 24.72, 30.2, 30.2, 30.2, 22.36] Count 11 27
confidenedata0.4074074074074074 Mean 23.410000000000004 standard_deviation 1.190588089979067 [22.36, 24.76, 24.76, 24.76, 22.36, 22.36, 22.36, 22.36, 22.36, 22.36, 24.76, 24.76, 22.36, 24.76, 22.36, 24.76] Count 9 16
confidenedata0.5625 Mean 34.631875 standard_deviation 13.782189693019577 [29.18, 26.58, 42.33, 50.99, 81.2, 20.11, 29.18, 29.18, 29.18, 35.14, 29.18, 29.18, 29.18, 35.14, 29.18, 29.18] Count 13 16
confidenedata0.8125 Mean 41.56 standard_deviation 0.0 [41.56, 41.56, 41.56] Count 3 3
confidenedata1.0 Mean 45.04333333333333 standard_deviation 16.123378126875963 [32.78, 36.35, 67.61, 67.61, 36.35, 29.56] Count 4 6
confidenedata0.6666666666666666 Mean 42.96318181818182 standard_deviation 11.25891904482181 [30.01, 33.11, 44.48, 36.53, 49.07, 36.53, 49.07, 27.2, 59.74, 33.11, 72.72, 33.11, 54.14, 33.11, 33.11, 33.11, 54.14, 49.07, 40.31, 40.31, 49.07, 54.14] Count 18 22
confidenedata0.8181818181818182 Mean 31.52 standard_deviation 5.755802868989406 [24.27, 31.94, 38.35] Count 1 3
confidenedata0.3333333333333333 Mean 38.010937500000004 standard_deviation 6.7690995336228985 [31.4, 28.17, 35.0, 35.0, 43.48, 31.4, 48.46, 35.0, 31.4, 48.46, 35.0, 35.0, 39.01, 39.01, 39.01, 39.01, 48.46, 54.02, 54.02, 43.48, 35.0, 35.0, 35.0, 31.4, 35.0, 43.48, 43.48, 31.4, 35.0, 31.4, 35.0, 31.4] Count 26 32
confidenedata0.8125 