Mean 70.46661016949157 standard_deviation 27.102981298903455 [53.06, 53.06, 100.0, 100.0, 40.55, 100.0, 44.36, 44.36, 48.51, 99.37, 48.51, 99.37, 40.55, 100.0, 100.0, 100.0, 40.55, 48.51, 40.55, 40.55, 48.51, 90.85, 99.37, 99.37, 99.37, 90.85, 90.85, 99.37, 99.37, 99.37, 40.55, 99.37, 99.37, 40.55, 40.55, 99.37, 48.51, 99.37, 99.37, 40.55, 40.55, 48.51, 100.0, 48.51, 40.55, 40.55, 48.51, 48.51, 48.51, 40.55, 48.51, 48.51, 100.0, 100.0, 48.51, 100.0, 100.0, 40.55, 100.0] Count 20 59
confidenedata0.3389830508474576 Mean 92.49416666666667 standard_deviation 5.257922527534573 [100.0, 90.03, 90.03, 90.03, 90.03, 90.03, 90.03, 90.03, 100.0, 100.0, 100.0, 90.03, 90.03, 90.03, 90.03, 100.0, 79.38, 90.03, 100.0, 90.03, 90.03, 90.03, 100.0, 90.03] Count 16 24
confidenedata0.6666666666666666 Mean 90.14650000000002 standard_deviation 12.51363707121155 [63.3, 100.0, 100.0, 70.37, 100.0, 100.0, 100.0, 78.21, 78.21, 78.21, 78.21, 100.0, 100.0, 100.0, 78.21, 100.0, 78.21, 100.0, 100.0, 100.0] Count 18 20
confidenedata0.9 Mean 100.0 standard_deviation 0.0 [100.0, 100.0, 100.0, 100.0, 100.0, 100.0, 100.0, 100.0, 100.0, 100.0, 100.0, 100.0] Count 0 12
confidenedata0.0 Mean 100.0 standard_deviation 0.0 [100.0, 100.0, 100.0, 100.0, 100.0, 100.0, 100.0, 100.0, 100.0, 100.0, 100.0, 100.0, 100.0] Count 0 13
confidenedata0.0 Mean 92.03720000000001 standard_deviation 8.785759623390572 [98.39, 70.11, 100.0, 98.39, 78.49, 78.49, 98.39, 87.88, 78.49, 98.39, 87.88, 98.39, 98.39, 98.39, 87.88, 98.39, 87.88, 98.39, 98.39, 87.88, 98.39, 98.39, 98.39, 98.39, 78.49] Count 20 25
confidenedata0.8 Mean 62.87400000000002 standard_deviation 6.875081381336514 [69.64, 69.64, 62.77, 56.57, 56.57, 56.57, 56.57, 69.64, 69.64, 69.64, 56.57, 56.57, 56.57, 77.27, 56.57, 69.64, 56.57, 56.57, 56.57, 56.57, 69.64, 69.64, 69.64, 56.57, 69.64] Count 24 25
confidenedata0.96 Mean 87.51442857142858 standard_deviation 13.134627694513059 [72.45, 100.0, 100.0, 92.05, 100.0, 92.05, 92.05, 100.0, 72.45, 100.0, 100.0, 92.05, 64.27, 64.27, 72.45, 92.05, 100.0, 92.05, 100.0, 100.0, 92.05, 100.0, 92.05, 64.27, 92.05, 72.45, 100.0, 92.05, 64.27, 100.0, 64.27, 64.27, 100.0, 100.0, 100.0, 92.05, 100.0, 92.05, 64.27, 64.27, 72.45, 100.0, 100.0, 92.05, 72.45, 72.45, 72.45, 92.05, 100.0, 100.0, 72.45, 92.05, 72.45, 72.45, 100.0, 72.45, 100.0, 92.05, 92.05, 92.05, 100.0, 92.05, 92.05, 72.45, 100.0, 92.05, 100.0, 92.05, 72.45, 72.45] Count 47 70
confidenedata0.6714285714285714 Mean 6.2940000000000085 standard_deviation 0.33541615941990643 [5.72, 5.72, 5.72, 6.49, 5.72, 6.49, 6.49, 6.49, 5.72, 6.49, 6.49, 5.72, 5.72, 6.49, 6.49, 6.49, 6.49, 6.49, 5.72, 6.49, 5.72, 6.49, 6.49, 6.49, 6.49, 6.49, 5.72, 6.49, 6.49, 6.49, 6.49, 6.49, 6.49, 6.49, 6.49, 6.49, 5.72, 5.72, 5.72, 5.72, 6.49, 6.49, 6.49, 6.49, 6.49, 6.49, 6.49, 5.72, 6.49, 6.49, 5.72, 5.72, 6.49, 6.49, 6.49, 6.49, 6.49, 5.72, 5.72, 6.49, 6.49, 6.49, 6.49, 6.49, 6.49, 6.49, 6.49, 5.72, 6.49, 6.49, 6.49, 6.49, 5.72, 5.72, 6.49, 6.49, 6.49, 6.49, 5.72, 6.49, 6.49, 6.49, 6.49, 6.49, 5.72, 6.49, 6.49, 6.49, 6.49, 6.49, 6.49, 5.72, 6.49, 6.49, 6.49, 6.49, 6.49, 6.49, 6.49, 6.49, 5.72, 5.72, 6.49, 6.49, 6.49, 6.49, 6.49, 6.49, 5.72, 6.49] Count 82 110
confidenedata0.7454545454545455 Mean 11.86272727272727 standard_deviation 0.3650676377950934 [11.77, 11.77, 13.3, 11.77, 11.77, 11.77, 11.77, 11.77, 11.77, 11.77, 11.77, 11.77, 11.77, 11.77, 11.77, 11.77, 11.77, 11.77, 11.77, 11.77, 11.77, 11.77, 11.77, 11.77, 11.77, 11.77, 11.77, 11.77, 11.77, 11.77, 11.77, 13.3, 11.77] Count 31 33
confidenedata0.9393939393939394 Mean 65.7577142857143 standard_deviation 25.69598702251433 [65.09, 100.0, 100.0, 100.0, 46.01, 46.01, 100.0, 51.65, 46.01, 40.98, 100.0, 100.0, 57.98, 57.98, 100.0, 100.0, 40.98, 40.98, 40.98, 57.98, 100.0, 40.98, 40.98, 57.98, 57.98, 40.98, 40.98, 40.98, 40.98, 65.09, 100.0, 100.0, 100.0, 40.98, 40.98] Count 23 35
confidenedata0.6571428571428571 Mean 28.431428571428576 standard_deviation 2.5696327062243665 [29.94, 29.94, 25.61, 25.61, 29.94, 25.61, 32.37] Count 3 7
confidenedata0.42857142857142855 Mean 49.55285714285718 standard_deviation 5.135836875151242 [52.92, 41.58, 46.9, 52.92, 46.9, 46.9, 46.9, 52.92, 52.92, 52.92, 59.7, 59.7, 59.7, 59.7, 52.92, 59.7, 46.9, 46.9, 52.92, 52.92, 46.9, 46.9, 46.9, 52.92, 46.9, 41.58, 46.9, 41.58, 52.92, 52.92, 52.92, 52.92, 41.58, 46.9, 46.9, 52.92, 46.9, 52.92, 46.9, 41.58, 46.9, 41.58, 52.92, 52.92, 41.58, 52.92, 52.92, 52.92, 46.9, 46.9, 46.9, 41.58, 41.58, 52.92, 52.92, 46.9] Count 42 56
confidenedata0.75 Mean 29.589999999999996 standard_deviation 11.093855120226305 [19.03, 30.45, 17.6, 15.04, 56.98, 38.51, 38.51, 30.45, 16.27, 35.61, 16.27, 32.93, 35.61, 32.93, 30.45, 16.27, 15.04, 41.65, 35.61, 35.61, 19.03, 45.05, 15.04, 30.45, 38.51, 41.65, 15.04, 32.93] Count 16 28
confidenedata0.5714285714285714 Mean 28.444054054054067 standard_deviation 6.9732789059222995 [32.82, 39.95, 18.21, 36.21, 26.97, 20.09, 32.82, 36.21, 26.97, 22.16, 29.75, 22.16, 22.16, 26.97, 26.97, 26.97, 39.95, 20.09, 39.95, 20.09, 20.09, 39.95, 26.97, 26.97, 20.09, 39.95, 39.95, 26.97, 22.16, 26.97, 26.97, 26.97, 20.09, 26.97, 39.95, 26.97, 26.97] Count 21 37
confidenedata0.5675675675675675 Mean 35.81384615384615 standard_deviation 3.3924487150174696 [31.04, 42.44, 31.04, 38.24, 38.24, 31.04, 31.04, 34.45, 34.45, 34.45, 38.24, 34.45, 31.04, 38.24, 38.24, 38.24, 38.24, 38.24, 38.24, 31.04, 38.24, 31.04, 38.24, 38.24, 38.24, 38.24, 31.04, 38.24, 31.04, 38.24, 38.24, 38.24, 31.04, 38.24, 38.24, 38.24, 38.24, 31.04, 38.24, 31.04, 38.24, 38.24, 38.24, 38.24, 38.24, 31.04, 31.04, 38.24, 31.04, 31.04, 38.24, 38.24] Count 35 52
confidenedata0.6730769230769231 Mean 18.20130434782609 standard_deviation 5.699332763653185 [23.4, 23.4, 12.08, 13.12, 25.41, 12.08, 14.25, 25.41, 14.25, 14.25, 14.25, 13.12, 25.41, 25.41, 13.12, 14.25, 14.25, 14.25, 25.41, 27.6, 25.41, 14.25, 14.25] Count 14 23
confidenedata0.6086956521739131 Mean 25.210000000000004 standard_deviation 5.993425410243143 [35.59, 35.59, 24.79, 32.52, 17.27, 32.52, 24.79, 24.79, 17.27, 17.27, 29.71, 17.27, 24.79, 17.27, 29.71, 17.27, 24.79, 17.27, 24.79, 17.27, 29.71, 24.79, 29.71, 29.71, 29.71, 24.79, 29.71] Count 15 27
confidenedata0.5555555555555556 Mean 62.69882352941177 standard_deviation 5.102467548794917 [60.08, 60.08, 60.08, 60.08, 67.22, 60.08, 67.22, 60.08, 60.08, 60.08, 60.08, 60.08, 75.2, 60.08, 60.08, 60.08, 75.2] Count 15 17
confidenedata0.8823529411764706 Mean 46.99000000000001 standard_deviation 1.788854381999833 [50.99, 46.19, 46.19, 46.19, 46.19, 46.19, 46.19, 50.99, 46.19, 46.19, 46.19, 46.19] Count 10 12
confidenedata0.8333333333333334 Mean 99.48 standard_deviation 1.8748866632412746 [100.0, 100.0, 100.0, 100.0, 100.0, 100.0, 100.0, 100.0, 100.0, 92.72, 100.0, 100.0, 100.0, 100.0] Count 13 14
confidenedata0.9285714285714286 Mean 54.94588235294117 standard_deviation 9.295303088956858 [46.99, 66.57, 52.78, 66.57, 52.78, 52.78, 46.99, 46.99, 74.77, 74.77, 52.78, 46.99, 52.78, 46.99, 52.78, 52.78, 46.99] Count 13 17
confidenedata0.7647058823529411 Mean 71.59785714285714 standard_deviation 15.563836828903554 [57.7, 70.17, 63.63, 63.63, 70.17, 57.7, 57.7, 100.0, 70.17, 63.63, 70.17, 57.7, 100.0, 100.0] Count 11 14
confidenedata0.7857142857142857 Mean 77.16117647058826 standard_deviation 22.378530541663192 [63.12, 63.12, 100.0, 100.0, 63.12, 100.0, 100.0, 100.0, 100.0, 69.6, 51.92, 51.92, 100.0, 51.92, 47.09, 100.0, 100.0, 84.62, 100.0, 84.62, 100.0, 100.0, 57.25, 63.12, 47.09, 100.0, 100.0, 100.0, 100.0, 100.0, 63.12, 57.25, 47.09, 100.0, 100.0, 47.09, 100.0, 57.25, 47.09, 100.0, 100.0, 63.12, 100.0, 63.12, 47.09, 63.12, 100.0, 57.25, 63.12, 42.71, 100.0, 63.12, 47.09, 100.0, 47.09, 42.71, 47.09, 100.0, 63.12, 100.0, 47.09, 100.0, 63.12, 69.6, 100.0, 100.0, 63.12, 69.6, 47.09, 100.0, 100.0, 69.6, 69.6, 100.0, 47.09, 69.6, 63.12, 100.0, 47.09, 100.0, 100.0, 100.0, 42.71, 63.12, 100.0] Count 27 85
confidenedata0.3176470588235294 Mean 38.389642857142846 standard_deviation 7.5260706320206205 [35.91, 61.31, 35.91, 35.91, 49.5, 32.27, 35.91, 35.91, 32.27, 35.91, 32.27, 32.27, 49.5, 32.27, 35.91, 35.91, 32.27, 44.48, 35.91, 32.27, 44.48, 35.91, 49.5, 35.91, 32.27, 28.99, 44.48, 49.5] Count 22 28
confidenedata0.7857142857142857 Mean 100.0 standard_deviation 0.0 [100.0, 100.0, 100.0, 100.0, 100.0, 100.0, 100.0, 100.0, 100.0, 100.0, 100.0, 100.0, 100.0, 100.0, 100.0, 100.0, 100.0, 100.0, 100.0, 100.0] Count 0 20
confidenedata0.0 Mean 89.67769230769228 standard_deviation 8.944321063666088 [75.02, 100.0, 100.0, 100.0, 75.02, 93.55, 83.78, 100.0, 83.78, 93.55, 93.55, 83.78, 83.78] Count 7 13
confidenedata0.5384615384615384 Mean 56.88 standard_deviation 0.0 [56.88, 56.88, 56.88] Count 0 3
confidenedata0.0 Mean 100.0 standard_deviation 0.0 [100.0, 100.0, 100.0, 100.0, 100.0, 100.0, 100.0, 100.0, 100.0, 100.0, 100.0, 100.0, 100.0, 100.0, 100.0, 100.0, 100.0, 100.0, 100.0, 100.0] Count 0 20
confidenedata0.0 Mean 75.28240000000002 standard_deviation 6.649622112571511 [62.67, 76.64, 62.67, 69.3, 76.64, 76.64, 76.64, 76.64, 76.64, 76.64, 76.64, 76.64, 76.64, 76.64, 76.64, 76.64, 76.64, 76.64, 76.64, 76.64, 69.3, 100.0, 76.64, 69.3, 69.3] Count 22 25
confidenedata0.88 Mean 77.47208333333333 standard_deviation 24.699652153280535 [43.11, 43.11, 43.11, 100.0, 53.75, 100.0, 100.0, 100.0, 53.75, 100.0, 100.0, 53.75, 53.75, 53.75, 100.0, 100.0, 53.75, 100.0, 100.0, 53.75, 100.0, 100.0, 100.0, 53.75] Count 21 24
confidenedata0.875 Mean 45.1 standard_deviation 12.808539562115802 [33.26, 37.04, 37.04, 56.95, 56.95, 51.14, 37.04, 56.95, 29.87, 56.95, 37.04, 37.04, 29.87, 33.26, 56.95, 63.41, 56.95, 56.95, 33.26, 56.95, 56.95, 33.26, 56.95, 33.26, 56.95, 63.41, 56.95, 33.26, 37.04, 33.26, 29.87, 56.95, 33.26, 33.26, 33.26, 29.87, 29.87, 56.95, 56.95, 33.26, 33.26, 63.41, 56.95, 33.26, 63.41, 29.87, 63.41, 33.26, 63.41] Count 37 49
confidenedata0.7551020408163265 