38.15775193253148
37.08129033427008
33.52322118485169
36.74660783724128
33.35579021300123
34.40453043097101
33.1305852633464
31.96810858743951
40.105445318787744
40.61467182010878
32.52791968019077
34.1485111808679
33.71182360129984
36.74660783724128
30.675781230271163
32.52791968019077
31.27684584633728
31.094380707035043
31.96810858743951
34.874300277206736
31.783963143660067
36.281141181751245
38.680639828675034
35.77959184152441
32.878543854373774
35.45553861516018
34.40453043097101
39.93639443186245
36.74660783724128
29.643155235625727
31.833357880470075
35.030067347897756
