35.96601914921187
36.27064397127012
40.443437180997954
35.114275484211504
39.72499101615299
29.18554012927848
34.90324030688865
36.39115822909192
36.39115822909192
38.30648234641255
34.1971985353162
29.13529954835506
36.011279681710505
36.011279681710505
38.927612093493565
32.428377921420534
30.954360743174146
32.81629692638725
36.39115822909192
36.56529936912144
34.83133270256892
32.428377921420534
32.56050999445067
35.18025015059411
35.45725999429958
36.011279681710505
32.428377921420534
36.794592252754185
33.198951366890874
37.66804097397234
30.01818741345673
38.91405350570464
