32.52791968019077
32.225085460018136
34.874300277206736
34.002442770276566
34.43262673896507
30.651308929410536
34.81257584580753
35.45725317628545
41.90402648106462
35.45553861516018
39.40882576638497
35.30608783106681
35.45725317628545
28.480678559718832
36.463664481265724
37.532215015604734
32.52791968019077
31.783963143660067
35.45725317628545
35.45725317628545
33.921142589492774
29.400235095557044
31.96810858743951
30.805631911532615
31.96810858743951
36.74660783724128
30.651308929410536
36.463664481265724
34.48680805190444
38.680639828675034
34.72729950596735
37.532215015604734
