32.428377921420534
38.57354200119203
35.114275484211504
30.4710828076012
38.57354200119203
35.37641227791331
36.39115822909192
33.795200932066784
33.795200932066784
38.22735843135423
35.96601914921187
35.7280823323845
35.114275484211504
35.752716856651716
29.13529954835506
29.480343564927757
35.67121571356259
33.967745941348205
33.241181244655856
37.029599601532134
32.81629692638725
28.890736693629204
32.13314186983399
34.47583411177129
37.987261660192445
35.752716856651716
39.50366037700319
32.66685100876173
38.5043682750597
36.011279681710505
30.39553273053607
38.91405350570464
