0 -0.01 -0.03
1474302720897 -0.01 -0.03
1474302720970 -0.01 -0.03
1474302720977 -0.01 -0.03
-176 -0.01 -0.03
17 -0.01 -0.03
23 -0.01 -0.03
640 -0.019999999999999997 -0.03
697 -0.01 -0.03
1035 -0.01 -0.03
1101 -0.01 -0.03
1307 -0.01 -0.03
1376 -0.01 -0.03
1512 -0.01 -0.03
1519 -0.01 -0.03
1577 -0.01 -0.03
1710 -0.01 -0.03
1841 -0.01 -0.03
1914 -0.01 -0.03
2182 -0.03 -0.039999999999999994
2249 0.01 -0.039999999999999994
2315 -0.019999999999999997 -0.039999999999999994
2325 -0.01 -0.020000000000000004
2590 -0.019999999999999997 -0.03
2663 0.0 -0.020000000000000004
2720 -0.03 -0.039999999999999994
2786 -0.13999999999999999 -0.009999999999999995
2924 -0.16 -0.05
2992 -0.18 -0.06999999999999999
2997 -0.19999999999999998 -0.08
3058 -0.39 0.08
3129 -0.21 0.0
3256 0.33 -0.009999999999999995
3263 0.58 -0.14
3336 0.92 -0.020000000000000004
3402 0.0 -0.039999999999999994
3937 0.03 -0.039999999999999994
4212 0.0 -0.039999999999999994
4345 0.060000000000000005 -0.03
4409 0.060000000000000005 -0.03
4414 -0.01 -0.05
4545 0.0 -0.03
4746 0.0 -0.039999999999999994
4822 0.0 -0.039999999999999994
4953 0.0 -0.03
5024 0.01 -0.03
5623 0.0 -0.03
6230 0.0 -0.03
6295 0.01 -0.03
6366 0.0 -0.039999999999999994
6508 0.0 -0.03
6850 0.01 -0.03
6974 0.01 -0.03
6981 0.01 -0.03
7108 0.0 -0.03
7317 0.0 -0.03
