1474525826667 0.01 -0.03
277 0.02 -0.03
341 0.02 -0.04000000000000001
472 0.02 -0.04000000000000001
685 0.02 -0.04000000000000001
762 0.02 -0.03
841 0.02 -0.03
957 0.01 -0.03
1011 0.02 -0.03
1085 0.02 -0.03
1150 0.02 -0.03
1219 0.01 -0.03
1298 0.02 -0.03
1301 0.01 -0.03
1419 0.01 -0.04000000000000001
1625 0.02 -0.03
1715 0.01 -0.04000000000000001
1764 0.02 -0.04000000000000001
1871 0.01 -0.03
2030 0.01 -0.04000000000000001
2166 0.01 -0.03
2230 0.01 -0.03
2314 0.02 -0.04000000000000001
2571 0.02 -0.03
2633 0.02 -0.03
2648 0.01 -0.03
2855 0.02 -0.03
2914 0.01 -0.03
3317 0.01 -0.03
3460 0.02 -0.03
3585 0.01 -0.04000000000000001
3656 0.01 -0.03
4052 0.02 -0.03
4066 0.01 -0.03
4126 0.02 -0.04000000000000001
4192 0.02 -0.04000000000000001
4201 0.02 -0.04000000000000001
4273 0.02 -0.03
4388 0.02 -0.03
4456 0.02 -0.05
4468 0.04 -0.06
4531 0.01 -0.05
4597 0.0 -0.04000000000000001
4598 -0.060000000000000005 -0.020000000000000004
5027 -0.15 -0.03
5030 0.04 0.019999999999999997
5212 0.54 -0.31
5272 0.21000000000000002 0.03
5337 0.31 0.03
5400 0.42 -0.08000000000000002
5473 0.0 0.0
5670 0.04 -0.03
5682 -0.019999999999999997 -0.04000000000000001
5741 0.03 -0.05
5809 0.01 -0.03
5871 0.01 -0.05
6281 0.08 -0.03
6412 0.03 -0.05
6550 0.03 -0.020000000000000004
6690 0.03 -0.04000000000000001
6784 0.03 -0.04000000000000001
6899 0.04 -0.03
6958 0.03 -0.03
6968 0.04 -0.03
7163 0.03 -0.03
7221 0.03 -0.03
7300 0.03 -0.03
7565 0.03 -0.03
7569 0.03 -0.03
7631 0.03 -0.03
7696 0.03 -0.03
7829 0.03 -0.03
7837 0.03 -0.03
8059 0.03 -0.03
8173 0.03 -0.03
8181 0.03 -0.03
8260 0.03 -0.03
8309 0.03 -0.03
8439 0.02 -0.04000000000000001
8510 0.03 -0.03
8517 0.03 -0.03
8717 0.03 -0.03
8851 0.03 -0.03
8912 0.03 -0.03
8984 0.03 -0.03
8991 0.03 -0.03
9179 0.03 -0.04000000000000001
