0 0.0 0.009999999999999995
-57 0.0 0.009999999999999995
272 0.0 0.0
1083 0.0 0.0
1427 0.0 0.0
1888 -0.01 0.0
2098 -0.019999999999999997 0.0
2100 0.0 0.0
2504 0.0 0.0
2573 -0.01 0.0
3314 0.0 0.0
3447 0.0 0.0
3516 0.0 0.0
3651 -0.01 0.0
3916 0.0 0.0
3996 0.0 0.0
3996 0.0 0.0
4055 0.0 0.0
4128 0.0 0.0
4323 0.0 0.009999999999999995
4394 -0.01 0.009999999999999995
4525 0.0 0.0
4530 0.0 0.0
4727 -0.01 0.0
4795 0.0 0.0
4871 -0.01 0.009999999999999995
5401 0.0 0.009999999999999995
5470 0.0 0.009999999999999995
5539 0.0 0.0
5681 -0.01 0.009999999999999995
5741 0.0 0.0
5873 0.0 0.0
5880 0.0 0.0
5950 0.0 0.0
6081 0.0 0.0
6148 0.0 0.0
6164 0.0 0.0
6221 0.0 0.0
6345 0.0 0.0
6374 0.0 0.0
6765 0.0 0.0
6829 0.0 0.0
6885 0.0 0.0
6899 -0.01 0.0
6962 0.0 0.0
7095 0.0 0.009999999999999995
7106 -0.01 0.009999999999999995
7177 -0.01 0.0
7230 -0.03 0.009999999999999995
7433 0.0 0.0
7496 -0.019999999999999997 0.009999999999999995
7562 0.01 0.0
7566 -0.019999999999999997 0.009999999999999995
7710 -0.019999999999999997 0.009999999999999995
7762 -0.26 0.14
8035 -0.18 -0.07
8102 -0.12000000000000001 0.039999999999999994
8171 0.18000000000000002 0.11
8237 0.05 -0.08000000000000002
8371 0.09 -0.1
8656 0.05 0.0
9127 0.0 0.009999999999999995
9181 -0.01 0.039999999999999994
9190 0.0 0.009999999999999995
9728 0.01 0.009999999999999995
9791 0.0 0.009999999999999995
10138 0.01 0.019999999999999997
10204 0.0 0.009999999999999995
10209 0.0 0.009999999999999995
11424 0.0 0.009999999999999995
11623 0.01 0.009999999999999995
11818 0.01 0.009999999999999995
11824 0.01 0.009999999999999995
12024 0.01 0.009999999999999995
12241 0.0 0.009999999999999995
12740 0.01 0.009999999999999995
12768 0.01 0.009999999999999995
12830 0.0 0.009999999999999995
12900 0.0 0.009999999999999995
