135 
135 
135 
135 
135 
135 
135 
135 
135 
135 
135 
135 
135 
135 
135 
135 
135 
135 
135 
135 
135 
135 
135 
135 
135 
135 
135 
135 
135 
135 
135 
135 
135 
135 
135 
135 
135 
135 
135 
135 
135 
135 
135 
135 
135 
135 
135 
135 
135 
135 
135 
135 
135 
135 
135 
135 
136 
136 
136 
136 
136 
136 
136 
136 
136 
136 
136 
136 
136 
136 
136 
136 
136 
136 
136 
136 
136 
136 
136 
136 
42 
42 
42 
42 
42 
42 
42 
42 
42 
41 
41 
41 
41 
41 
41 
41 
41 
41 
41 
41 
41 
41 
41 
41 
41 
41 
41 
41 
41 
41 
41 
41 
41 
41 
41 
41 
41 
41 
41 
41 
41 
41 
41 
41 
41 
41 
41 
41 
41 
41 
41 
41 
41 
41 
41 
41 
41 
42 
42 
42 
42 
42 
42 
42 
42 
42 
42 
42 
43 
43 
43 
43 
43 
43 
43 
43 
43 
43 
43 
43 
43 
43 
43 
43 
43 
43 
43 
43 
43 
43 
43 
43 
43 
43 
43 
43 
43 
43 
43 
43 
43 
43 
43 
43 
43 
43 
43 
43 
43 
43 
43 
44 
44 
44 
44 
44 
44 
45 
45 
45 
46 
46 
46 
46 
46 
46 
46 
46 
46 
46 
46 
46 
46 
46 
46 
46 
46 
46 
46 
46 
46 
46 
46 
46 
46 
46 
46 
46 
46 
46 
46 
46 
46 
46 
46 
46 
46 
46 
46 
46 
46 
46 
46 
46 
46 
46 
46 
46 
46 
46 
46 
46 
46 
46 
46 
46 
46 
46 
46 
46 
45 
45 
45 
45 
45 
45 
45 
45 
45 
45 
45 
45 
45 
45 
45 
45 
45 
45 
45 
45 
45 
45 
45 
45 
45 
45 
45 
45 
46 
46 
46 
46 
46 
46 
46 
46 
46 
46 
46 
46 
46 
46 
46 
46 
47 
47 
47 
46 
46 
46 
46 
46 
46 
46 
46 
47 
47 
47 
47 
47 
47 
46 
46 
46 
46 
46 
46 
46 
46 
46 
46 
46 
46 
46 
46 
47 
47 
47 
47 
47 
47 
47 
47 
47 
47 
47 
47 
47 
47 
47 
47 
47 
47 
47 
47 
47 
47 
47 
47 
47 
47 
47 
47 
47 
47 
47 
47 
47 
47 
47 
47 
47 
47 
47 
47 
47 
47 
47 
47 
47 
47 
47 
47 
47 
47 
47 
47 
47 
47 
47 
46 
46 
46 
46 
46 
46 
46 
46 
46 
46 
46 
46 
46 
46 
46 
46 
46 
46 
46 
46 
46 
46 
46 
46 
46 
46 
46 
46 
46 
46 
46 
46 
46 
46 
46 
46 
46 
46 
46 
46 
46 
46 
46 
46 
46 
46 
46 
46 
46 
46 
46 
46 
46 
46 
46 
46 
46 
46 
46 
46 
46 
46 
46 
46 
46 
46 
46 
46 
46 
46 
46 
46 
46 
46 
46 
46 
46 
46 
46 
46 
46 
46 
46 
46 
46 
46 
46 
46 
