93 
92 
92 
92 
92 
92 
92 
91 
91 
91 
92 
92 
92 
92 
92 
92 
92 
92 
92 
92 
92 
92 
92 
91 
89 
87 
83 
74 
53 
-54 
-58 
-59 
-59 
-60 
-61 
-66 
-69 
-74 
-77 
-78 
-77 
-76 
-76 
-76 
-77 
-77 
-77 
-78 
-79 
-81 
-84 
-85 
-87 
-87 
-87 
-86 
-86 
-85 
-84 
-83 
-82 
-81 
-80 
-79 
-79 
-77 
-77 
-76 
-76 
-76 
-75 
-74 
-74 
-74 
-74 
-73 
-73 
-73 
-73 
-73 
-73 
-73 
-73 
-73 
-73 
-73 
-73 
-73 
-73 
-73 
-73 
-73 
-73 
-73 
-73 
-73 
-73 
-73 
-73 
-73 
-73 
-73 
-73 
-73 
-73 
-73 
-73 
-73 
-73 
-73 
-73 
-73 
-74 
