314 
314 
314 
314 
314 
314 
314 
314 
314 
314 
314 
314 
314 
314 
314 
314 
314 
314 
314 
314 
314 
314 
314 
314 
314 
314 
314 
314 
314 
314 
314 
314 
314 
314 
314 
314 
314 
314 
314 
314 
314 
314 
314 
314 
314 
314 
314 
314 
314 
314 
314 
314 
314 
314 
314 
314 
313 
313 
313 
313 
313 
313 
313 
313 
313 
313 
313 
313 
313 
313 
313 
313 
313 
313 
313 
313 
313 
313 
313 
313 
227 
227 
227 
227 
227 
227 
227 
227 
227 
227 
228 
228 
228 
228 
228 
228 
228 
228 
228 
228 
228 
228 
228 
228 
228 
228 
228 
228 
228 
228 
228 
228 
228 
227 
227 
227 
227 
227 
228 
228 
228 
228 
228 
227 
227 
227 
227 
227 
227 
227 
227 
227 
227 
227 
226 
226 
226 
226 
226 
226 
226 
226
226
226 
225 
225 
225 
225 
225 
225 
225 
225
225
225 
224 
224 
224 
224 
224 
224 
224 
224 
224 
224 
224 
224 
224 
224 
224 
224 
224 
224 
224 
224 
224 
224 
224 
224 
224 
224 
224 
224 
224 
224 
224 
224 
224 
224 
224 
224 
224 
224 
223 
223 
223 
222 
222 
222 
221 
221 
221 
221 
220 
220 
220 
220 
220 
220 
220 
220 
220 
220 
220 
220 
220 
220 
220 
220 
220 
220 
220 
220 
220 
220 
220 
220 
220 
220 
220 
220 
219 
219 
219 
219 
219 
219 
219 
219 
219 
219 
219 
218 
218 
218 
218 
218 
218 
217 
217 
217 
217 
217 
217 
217 
216 
216 
216 
216 
216 
216 
217 
217 
217 
216 
216 
216 
216 
216 
216 
216 
216 
216 
216 
216 
215 
215 
215 
215 
215 
215 
216 
216 
215 
215 
215 
215 
215 
215 
215 
215 
215 
215 
215 
215 
215 
215 
215 
215 
215 
215 
215 
215 
215 
215 
215 
216 
216 
216 
216 
217 
217 
217 
217 
216 
216 
216 
216 
216 
217 
217 
217 
217 
218 
218 
218 
218 
218 
218 
218 
218 
218 
218 
219 
219 
219 
219 
219 
219 
219 
219 
219 
219 
219 
219 
219 
220 
220 
220 
220 
220
220 
220 
220 
220 
220 
220 
220 
220 
220 
220 
220 
220 
220 
220 
220 
220 
220 
221 
221 
221 
221 
221 
221 
221 
221 
221 
221 
221 
221 
221 
221 
221 
221 
221 
221 
221 
221 
221 
221 
221 
221 
222 
222 
222 
222 
222 
222 
222 
222 
222 
222 
222 
222 
222 
222 
222 
222 
222 
222 
222 
222 
222 
222 
222 
222 
222 
222 
222 
222 
222 
222 
222 
222 
222 
222 
222 
222 
222 
222 
222 
222 
222 
222 
223 
223 
223 
223 
223 
223 
223 
223 
223 
223 
223 
223 
223 
223 
223 
223 
223 
223 
223 
223 
223 
223 
223 
223 
223 
223 
223 
223 
223 
223 
223 
223 
223 
223 
223 
223 
223 
223 
223 
223 
223 
223 
223 
223 
223 
