103 
103 
103 
103 
103 
103 
103 
103 
103 
103 
103 
103 
103 
103 
103 
103 
103 
103 
103 
103 
103 
103 
103 
103 
103 
104 
104 
104 
105 
104 
104 
105 
105 
105 
105 
106 
106 
73 
73 
73 
73 
73 
73 
73 
73 
73 
73 
73 
72 
72 
71 
71 
71 
70 
70 
70 
71 
71 
71 
70 
70 
69 
70 
70 
70 
70 
70 
71 
71 
70 
70 
69 
69 
70 
70 
70 
71 
71 
71 
71 
72 
72 
72 
72 
73 
73 
73 
73 
73 
73 
73 
106 
106 
106 
106 
106 
106 
106 
105 
105 
105 
105 
105 
105 
105 
105 
105 
105 
105 
105 
105 
105 
105 
