346 
346 
346 
346 
346 
346 
346 
346 
346 
346 
346 
346 
346 
346 
346 
346 
346 
346 
346 
346 
346 
346 
346 
346 
346 
346 
345 
345 
345 
345 
345 
345 
344 
344 
344 
343 
343 
196 
196 
196 
196 
196 
196 
196 
196 
196 
196 
196 
197 
197 
197 
197 
197 
197 
197 
196 
196 
196 
196 
196 
197 
197 
197 
197 
197 
197 
197 
197 
197 
197 
197 
198 
198 
198 
198 
198 
198 
198 
198 
197 
197 
197 
197 
197 
196 
196 
196 
196 
196 
196 
196 
343 
343 
343 
343 
343 
343 
344 
344 
344 
344 
344 
344 
344 
344 
344 
344 
344 
344 
344 
344 
344 
344 
