44 
44 
44 
44 
44 
44 
44 
44 
44 
44 
44 
44 
44 
44 
44 
44 
44 
44 
44 
44 
44 
44 
44 
44 
44 
44 
44 
44 
44 
44 
44 
44 
44 
44 
44 
44 
44 
44 
44 
44 
44 
44 
44 
44 
44 
44 
44 
44 
44 
44 
44 
44 
44 
44 
44 
44 
44 
44 
44 
44 
44 
44 
44 
44 
44 
44 
44 
44 
44 
44 
44 
44 
44 
44 
44 
44 
44 
44 
44 
44 
43 
43 
43 
43 
43 
43 
43 
43 
43 
43 
43 
43 
43 
43 
43 
43 
43 
43 
43 
43 
43 
43 
43 
43 
136 
137 
137 
137 
137 
137 
137 
137 
138 
138 
138 
138 
138 
138 
138 
138 
138 
138 
138 
138 
138 
138 
138 
138 
138 
138 
138 
137 
137 
137 
137 
137 
137 
137 
137 
137 
137 
137 
137 
137 
137 
137 
137 
137 
137 
137 
137 
136 
136 
136 
136 
136 
136 
136 
136 
136 
136 
136 
136 
136 
136 
136 
135 
135 
135 
135 
135 
135 
135 
135 
135 
134 
134 
134 
134 
134 
134 
134 
134 
133 
133 
133 
133 
133 
133 
133 
133 
133 
133 
133 
133 
133 
132 
132 
132 
132 
132 
132 
132 
132 
132 
132 
132 
132 
131 
131 
131 
131 
131 
131 
131 
130 
130 
130 
131 
131 
131 
131 
131 
131 
131 
131 
131 
131 
131 
131 
132 
132 
132 
132 
132 
132 
132 
132 
132 
132 
132 
132 
132 
132 
132 
132 
132 
132 
131 
131 
131 
131 
131 
131 
131 
130 
130 
130 
130 
130 
130 
130 
130 
130 
130 
130 
130 
130 
130 
130 
129 
129 
129 
129 
129 
129 
129 
129 
129 
129 
129 
129 
129 
129 
128 
128 
128 
128 
128 
128 
128 
128 
128 
128 
127 
127 
127 
127 
127 
127 
127 
127 
127 
127 
126 
126 
126 
126 
126 
126 
125 
125 
125 
125 
125 
124 
124 
124 
124 
124 
124 
123 
123 
123 
123 
123 
123 
122 
122 
122 
122 
122 
122 
122 
122 
121 
121 
121 
121 
121 
121 
121 
121 
121 
121 
121 
121 
121 
121 
121 
121 
120 
120 
120 
120 
120 
120 
120 
120 
120 
121 
121 
121 
121 
121 
121 
121 
122 
122 
122 
122 
123 
123 
123 
123 
123 
123 
123 
123 
123 
124 
124 
124 
124 
125 
125 
125 
125 
125 
125 
125 
125 
125 
125 
125 
125 
125 
125 
125 
125 
125 
125 
125 
125 
125 
125 
125 
125 
125 
125 
125 
125 
