state3(MP) 

35.37641227791331 35.119194956309165 38.30648234641255 33.795200932066784 37.99781749371155 33.60759166401765 42.775571953494016 33.795200932066784 35.45725999429958 33.795200932066784 44.22051534739164 35.19482737219966 35.114275484211504 37.029599601532134 29.13529954835506 34.786805406614754 32.428377921420534 34.543470448828685 37.11931905653237 40.221806463733174 31.664847911426296 28.890736693629204 32.13314186983399 36.39115822909192 35.114275484211504 35.114275484211504 37.73483976310753 32.66685100876173 38.22735843135423 35.45725999429958 31.462042650905754 38.91405350570464 

35.96601914921187 35.119194956309165 38.944923718852756 33.795200932066784 38.57354200119203 34.1971985353162 38.30648234641255 34.90324030688865 34.90324030688865 NaN 46.57894283258586 35.7280823323845 35.114275484211504 35.752716856651716 30.01818741345673 33.60759166401765 32.428377921420534 36.27064397127012 38.22735843135423 38.944923718852756 31.664847911426296 28.890736693629204 31.57912218242306 36.39115822909192 35.114275484211504 35.114275484211504 35.96601914921187 34.43262673896507 41.55147655581982 34.90324030688865 34.12831745182997 37.14523289180897



state7(MP)
43.041301604794526 36.8463684787506 40.443437180997954 31.602847935790354 36.27064397127012 31.249164178823424 36.011279681710505 35.114275484211504 37.66804097397234 42.775571953494016 37.73483976310753 36.63984640171924 30.4710828076012 31.025102495012128 32.52855257127544 31.249164178823424 31.838771050121977 31.664847911426296 33.83739273933109 32.13314186983399 35.694919463789645 33.60759166401765 31.283627249570248 37.11931905653237 39.889417493587025 34.90324030688865 32.428377921420534 36.794592252754185 35.114275484211504 35.752716856651716 36.19840246916841 41.86208786219741 

33.60759166401765 36.27064397127012 37.11931905653237 30.64518587713004 36.27064397127012 31.249164178823424 36.011279681710505 35.114275484211504 NaN 42.775571953494016 37.73483976310753 37.08129033427008 NaN 32.13314186983399 32.52855257127544 31.838771050121977 32.428377921420534 31.664847911426296 34.47583411177129 32.13314186983399 36.8463684787506 33.01798479271909 31.922068622010457 37.11931905653237 40.99745686840888 34.90324030688865 32.428377921420534 37.861102173123875 35.752716856651716 35.752716856651716 36.19840246916841 43.63090847609308 

state1(MP)
45.038658018725684 34.48649496598432 34.44776392144108 37.41739874225497 37.964178199371744 30.651308929410536 32.23386652389586 32.878543854373774 39.32531715915295 40.105445318787744 39.40882576638497 38.20002945656409 39.32531715915295 28.480678559718832 31.25456955537062 38.15775193253148 32.52791968019077 32.66685100876173 39.32531715915295 36.74660783724128 29.398323577560404 35.030067347897756 31.96810858743951 33.02648030565811 38.94296864288086 38.680639828675034 31.902382763264026 35.30608783106681 31.386870249486062 38.035962498197115 35.30608783106681 38.47052039099486 

35.030067347897756 31.094380707035043 34.44776392144108 39.199179634743295 37.964178199371744 30.651308929410536 32.23386652389586 33.52322118485169 39.32531715915295 42.13977950162481 40.03436268331172 39.93639443186245 40.61467182010878 28.480678559718832 30.675781230271163 44.413121101798936 32.52791968019077 32.66685100876173 36.74660783724128 38.680639828675034 29.96367595405195 34.40453043097101 30.805631911532615 NaN 38.361730304927406 38.035962498197115 31.902382763264026 36.463664481265724 NaN 37.3912851677192 36.463664481265724 NaN 

state5(MP)
36.281141181751245 52.97327190610011 35.45725317628545 32.878543854373774 35.61719971896741 30.651308929410536 35.45553861516018 30.12942062972319 34.002442770276566 39.969994489630864 41.28543651716521 34.72729950596735 34.874300277206736 35.45725317628545 30.096992905171707 35.655604264824504 36.90667809867799 35.61719971896741 29.102421243976085 35.041690885603856 37.964178199371744 38.78328884945823 31.589189193417944 34.81257584580753 39.32531715915295 38.94296864288086 38.15775193253148 38.20002945656409 43.19338114202045 35.45553861516018 31.833357880470075 37.532215015604734 

39.40882576638497 31.783963143660067 35.45725317628545 34.81257584580753 37.8786092249336 30.02577201248379 37.78049196697396 31.288244500097157 34.29306193925329 40.61467182010878 39.40882576638497 35.30608783106681 40.105445318787744 39.32531715915295 29.51820458007225 38.15775193253148 35.030067347897756 39.00931397791669 27.91456731565053 36.82347177809219 NaN 36.90667809867799 27.72112521055044 35.45725317628545 39.32531715915295 41.26792199469464 38.15775193253148 38.77881778166354 37.3912851677192 33.1305852633464 34.1485111808679 38.15775193253148 






 


