425547900
425648674
426288063
426570745
427108119
427165726
427881833
428379710
428462895
428520327
428593697
428627786
428696895
428734513
428808616
428861347
428929229
428965109
428995419
429070321
429165020
429249969
429325202
429356330
429511659
429757149
429799527
429898080
429951737
430244899
430361065
430435114
430469821
430509567
430643897
430730977
430776711
430969403
431035660
431060190
431103111
431251351
431304202
431359071
431390256
431425972
431462219
431491511
431520749
431558354
431602643
431644327
431667823
431692125
431710831
431750516
431937435
431951804
432189006
432213513
432235181
432288838
432317593
432405090
432440819
432501940
432566395
432588687
432616230
432735480
432765805
432781862
432830532
432868132
432884478
432919895
432933406
432951305
432965398
432996385
433013664
35
27
8
18319
19042
19063
19097
19151
19159
19179
19196
19205
19231
19237
19247
19276
19287
19317
19332
19339
19356
19369
19390
19405
19449
19499
19579
19629
19638
19648
19692
19710
19720
19731
19743
19758
19772
19795
19821
19840
19850
19858
19870
19894
19903
19917
19975
19991
20029
20054
20068
20077
20112
20128
20139
20149
20156
20164
20219
20232
20243
20249
20256
20336
20347
20359
20369
20376
20459
20473
20483
20494
20599
20617
20627
20634
20718
20763
20774
20786
20852
20864
20875
20962
20973
20989
20998
21121
21163
21177
21229
21269
21281
21289
21384
21400
21409
21487
21514
21524
21599
21631
21640
21738
21752
21771
21861
21875
21957
21994
22010
22081
22104
22114
22230
22263
22345
22400
22422
22502
22524
22541
22634
22648
22752
22772
22866
22895
22908
22999
23060
23142
23165
23255
23279
23290
23390
23408
23534
23563
23641
23660
23760
23790
23896
23922
24071
24202
24456
24575
24738
24919
24976
25002
25015
25093
25109
25221
25316
25334
25437
25463
25557
25582
25687
25706
25804
25820
26116
26167
26190
26263
26306
26395
26409
26559
26705
26730
26849
26867
26974
27097
27121
27257
27277
27372
27440
27486
27513
27526
27645
27764
27782
27897
28043
28064
28203
28243
28273
28392
28503
28525
28646
28664
28766
28822
28957
28978
29081
29189
29207
29330
29472
29491
29543
29567
29585
29732
29840
29955
29974
30117
30165
30185
30325
30470
30584
30598
30643
30695
30826
30898
30919
30946
30988
31095
31147
31175
31229
31337
31381
31407
31550
31675
31800
23270
23282
23291
23302
23313
23366
23394
23424
23432
23442
23450
23460
23477
23484
23491
23497
23502
23508
23514
23523
23552
23563
23571
23585
23605
23729
23762
23772
23817
23975
24072
24104
24124
24160
24186
24197
24205
24249
24257
24264
24273
24295
24304
24318
24330
24338
24346
24354
24363
24416
24443
24456
24480
24489
24497
24536
24548
24563
24571
24648
24656
24665
24675
24683
24767
24782
24792
24799
24882
24892
24902
24910
25004
25019
25037
25051
25128
25155
25166
25178
25267
25291
25321
25378
25403
25417
25430
25543
25595
25632
25657
25666
25680
25769
25809
25833
25931
25964
25994
26051
26073
26085
26184
26206
26224
26316
26346
26364
26447
26474
26564
26616
26641
26718
26760
26769
26846
26870
26945
26971
26988
27082
27103
27196
27240
27320
27336
27348
27472
27489
27596
27612
27747
27780
27796
27872
27885
27989
28003
28108
28122
28222
28235
28337
28355
28459
28475
28575
28593
28694
28711
28814
28840
28944
28960
29064
29081
29183
29200
29308
29324
29429
29441
29547
29654
29673
29774
29792
29897
29916
30036
30063
30189
30288
30315
30425
30447
30786
30884
30915
31054
31070
31179
31293
31322
31436
31466
31498
31536
31562
31697
1468170766336
1468170911877
1468171182942
1468230825394
