25 
26 
31 
35 
36 
40 
43 
47 
51 
55 
58 
62 
63 
64 
65 
66 
68 
68 
69 
70 
70 
71 
72 
73 
72 
62 
39 
15 
-13 
-37 
-52 
-64 
-71 
-74 
-77 
-79 
-80 
-81 
-81 
-82 
-83 
-83 
-83 
-84 
-84 
-84 
-83 
-83 
-83 
-82 
-82 
-81 
-80 
-79 
-78 
-77 
-77 
-76 
-76 
-76 
-75 
-74 
-73 
-73 
-73 
-72 
-72 
-72 
-72 
-72 
-72 
-71 
-71 
-71 
-71 
-71 
-70 
-69 
-68 
-67 
-66 
-65 
-64 
-63 
-62 
-61 
-61 
-61 
-61 
-60 
-60 
-59 
-58 
-57 
-57 
-56 
-56 
-56 
-56 
-55 
-54 
-53 
-54 
-56 
-57 
-58 
-59 
-60 
-61 
-62 
-63 
-64 
-66 
-67 
-68 
