344 
345 
345 
345 
345 
345 
345 
345 
345 
345 
345 
345 
345 
345 
345 
345 
345 
345 
345 
345 
345 
345 
345 
345 
345 
345 
345 
345 
345 
345 
344 
344 
344 
196 
196 
196 
196 
196 
196 
196 
196 
196 
196 
196 
196 
196 
196 
196 
195 
195 
195 
195 
196 
196 
195 
195 
195 
195 
194 
194 
195 
195 
195 
195 
195 
195 
195 
195 
195 
195 
195 
195 
195 
195 
195 
194 
195 
195 
195 
195 
195 
195 
195 
195 
195 
195 
195 
195 
195 
195 
195 
194 
195 
195 
195 
196 
196 
196 
196 
196 
196 
196 
196 
196 
196 
196 
196 
196 
195 
195 
195 
195 
195 
195 
195 
