225 
225 
225 
225 
225 
225 
225 
225 
225 
225 
225 
225 
225 
225 
225 
225 
225 
225 
225
224 
224 
224
224 
224 
224 
224 
224 
224 
224
224 
224 
224 
224 
224 
224 
224 
224 
224 
224 
224 
224 
224 
224 
224 
224 
224 
224 
224 
224 
224 
224 
224 
224 
224 
224 
224 
224 
224 
224 
224 
224 
224 
224 
225 
225 
225 
225 
225 
225 
225 
226 
226 
226 
226 
226 
226 
226 
226 
225 
225 
225 
225 
225 
226 
226 
226 
226 
226 
226 
226 
226 
225 
225 
225 
225 
225 
225 
225 
225 
225 
225 
224 
224 
224 
224 
224 
224 
224 
224 
224 
224 
224 
224 
224 
224 
224 
224 
224 
224 
224 
224 
223 
223 
223 
223 
223 
223 
223 
223 
223 
223 
223 
223 
223 
222 
222 
222 
222 
222 
222 
222 
222 
221 
221 
221 
221 
221 
221 
220 
220 
220 
220 
219 
219 
219 
219 
219 
18 
218 
218 
218 
218 
217 
217 
217 
17 
216 
216 
216 
215 
215 
215 
215 
214 
214 
214 
214 
214 
214 
213 
213 
213 
213 
213 
213 
213 
213 
212 
212 
212 
212 
212 
211 
211 
211 
210 
210 
210 
210 
209 
209
209 
209 
209 
209 
209 
209 
208 
208 
208 
208 
208 
208 
208 
208 
207 
207 
207 
207 
207 
207 
207 
207 
207 
207 
207 
207 
207 
207 
207 
207 
207 
207 
207 
207 
207 
207 
207 
207 
207 
207 
207 
207 
207 
207 
207 
207 
207 
207 
207 
207 
207 
207 
208 
208 
208 
208 
208 
208 
209 
209 
209 
209 
209 
209 
209 
209 
209 
210 
210 
210 
210 
210 
210 
210 
210 
210 
210 
210 
209 
209 
209 
209 
209 
209 
209 
209 
209 
209 
209 
209 
209 
209 
209 
208 
208 
208 
208 
208 
208 
208
208 
208 
208 
208 
208 
208 
208 
207 
207 
207 
207 
207 
207 
207 
207 
207 
207 
207 
207 
207 
207 
207 
207 
207 
207 
207 
207 
207 
207 
207 
207 
207 
207 
207 
207 
207 
207 
207 
207 
207 
207 
207 
207 
207 
207 
208 
208 
208 
208 
208 
208 
208 
208 
208 
208 
208 
208 
208 
208 
208 
208 
209 
209 
209 
209 
209 
209 
209 
209 
209 
209 
209 
209 
209 
209 
209 
209 
209 
209 
209 
209 
210 
210 
210 
210 
210 
211 
211 
211 
211 
211 
211 
211 
211 
211 
211 
212 
212 
212 
212 
212 
212 
212 
212 
212 
213 
213 
213 
213 
213 
213 
213 
213 
214 
214 
214 
214 
214 
214 
214 
215 
215 
215 
215 
215 
215 
215 
215 
215 
215 
216
216 
216 
216 
216 
216 
216 
217 
217 
217 
217 
217 
217 
217 
217 
217 
217 
217 
218 
218 
218 
218 
218 
218 
218 
218 
218 
218 
218 
218 
218 
219 
219 
219 
219 
219 
219 
219 
