347 
347 
347 
347 
347 
347 
347 
347 
347 
347 
347 
347 
347 
347 
347 
347 
347 
347 
347 
347 
347 
347 
347 
347 
347 
347 
348 
348 
348 
348 
348 
348 
348 
348 
348 
348 
348 
348 
348 
348 
348 
348 
348 
348 
348 
348 
348 
348 
348 
348 
348 
348 
347 
192 
191 
191 
191 
191 
191 
348 
348 
348 
348 
347 
347 
346 
346 
346 
346 
346 
346 
346 
346 
347 
347 
347 
346 
346 
346 
346 
347 
348 
348 
348 
349 
349 
349 
350 
350 
351 
351 
351 
350 
350 
349 
349 
349 
349 
349 
349 
348 
347 
347 
347 
347 
348 
348 
348 
348 
348 
348 
348 
348 
348 
348 
348 
348 
348 
348 
348 
348 
348 
348 
348 
348 
348 
348 
348 
348 
348 
348 
348 
348 
348 
348 
348 
348 
348 
348 
348 
348 
348 
348 
348 
348 
348 
348 
348 
348 
348 
348 
348 
348 
348 
