109 
109 
109 
109 
109 
109 
109 
109 
109 
109 
109 
109 
109 
109 
109 
109 
109 
108 
108 
108 
107 
107 
107 
107 
107 
108 
110 
110 
109 
108 
107 
106 
106 
106 
105 
103 
102 
101 
100 
97 
97 
97 
97 
98 
100 
102 
101 
100 
98 
98 
98 
99 
100 
101 
102 
105 
107 
108 
109 
110 
110 
111 
112 
112 
113 
115 
116 
115 
114 
112 
112 
111 
108 
105 
102 
101 
100 
100 
100 
100 
99 
99 
100 
100 
100 
98 
98 
100 
100 
101 
103 
108 
109 
110 
112 
113 
115 
116 
118 
123 
127 
127 
130 
131 
131 
131 
127 
120 
114 
109 
105 
102 
102 
101 
101 
99 
97 
95 
93 
93 
95 
96 
97 
98 
100 
102 
104 
106 
109 
110 
112 
113 
114 
115 
117 
119 
121 
124 
127 
130 
133 
138 
145 
147 
149 
150 
151 
153 
156 
157 
156 
151 
146 
139 
136 
134 
131 
128 
126 
125 
125 
125 
125 
124 
124 
124 
124 
124 
124 
124 
125 
125 
125 
125 
125 
125 
124 
124 
124 
124 
123 
123 
123 
122 
122 
123 
123 
123 
122 
122 
122 
122 
122 
123 
122 
122 
122 
