224 
224 
224 
224 
224 
224 
224 
224 
224 
224 
224 
224 
224 
224 
224 
224 
224 
224 
224 
224 
224 
224 
224 
224 
224 
224 
224 
224 
224 
224 
224 
224 
224 
224 
224 
224 
224 
224 
224 
224 
224 
224 
224 
224 
224 
224 
224 
224 
224 
224 
224 
224 
224 
224 
224 
224 
224 
224 
224 
224 
224 
224 
224 
224 
224 
224 
224 
224 
224 
225 
225 
225 
225 
225 
225 
225 
225 
225 
225 
225 
225 
225 
225 
225 
225 
225 
225 
225 
225 
225 
225 
225 
225 
225 
225 
225 
225 
226 
226 
226 
226 
226 
226 
226 
226 
225 
225 
225 
225 
225 
226 
226 
226 
225 
225 
225 
225 
225 
225 
225 
225 
225 
225 
225 
225 
225 
225 
225 
225 
225 
225 
225 
225 
225 
225 
225 
225 
226 
226 
226 
226 
226 
226 
226 
226 
226 
226 
227 
227 
227 
226 
226 
226 
226 
226 
226 
226 
313 
313 
315 
224 
224 
224 
224 
224 
224 
224 
223 
223 
223 
223 
223 
223 
223 
223 
223 
223 
223 
224 
224 
224 
224 
224 
224 
224 
224 
224 
224 
224 
224 
224 
224 
224 
224 
224 
224 
224 
224 
224 
224 
224 
224 
225 
225 
225 
314 
314 
314 
314 
314 
314 
314 
224 
224 
315 
315 
315 
315 
315 
314 
314 
314 
313 
313 
313 
313 
313 
313 
313 
313 
313 
313 
314 
314 
314 
313 
313 
313 
313 
313 
313 
312 
312 
312 
312 
312 
312 
312 
228 
228 
228 
228 
228 
227 
227 
227 
227 
227 
227 
227 
226 
226 
226 
226 
226 
226 
226 
225 
225 
225 
225 
225 
225 
225 
225 
225 
226 
226 
226 
226 
226 
226 
226 
226 
226 
226 
226 
226 
226 
226 
226 
226 
226 
226 
225 
225 
225 
225 
225 
225 
225 
224 
224 
224 
224 
224 
224 
224 
224 
223 
223 
223 
223 
223 
223 
223 
223 
223 
223 
223 
224 
224 
224 
224 
224 
224 
224 
224 
224 
224 
224 
224 
224 
224 
315 
315 
315 
315 
316 
316 
316 
316 
316 
316 
316 
316 
316 
316 
316 
317 
317 
317 
317 
317 
317 
317 
317 
317 
316 
316 
316 
315 
315 
315 
315 
315 
315 
315 
315 
315 
315 
315 
315 
315 
315 
315 
315 
315 
315 
315 
315 
315 
315 
315 
315 
315 
315 
315 
315 
315 
315 
315 
315 
315 
315 
315 
314 
314 
314 
314 
314 
314 
314 
314 
314 
314 
314 
314 
314 
314 
314 
314 
314 
314 
314 
314 
225 
225 
225 
225 
226 
226 
226 
226 
226 
226 
226 
226 
226 
226 
226 
226 
225 
225 
225 
225 
224 
224 
224 
224 
224 
224 
224 
224 
223 
223 
223 
223 
223 
223 
223 
223 
223 
223 
223 
223 
223 
223 
223 
223 
223 
223 
223 
223 
223 
223 
223 
224 
224 
224 
224 
224 
224 
224 
224 
224 
224 
224 
224 
224 
224 
224 
224 
315 
315 
315 
315 
315 
315 
315 
315 
315 
315 
315 
315 
315 
315 
314 
314 
314 
314 
314 
313 
313 
313 
313 
313 
313 
313 
313 
313 
313 
313 
313 
313 
312 
312 
312 
312 
312 
312 
312 
312 
312 
312 
312 
313 
313 
313 
313 
313 
313 
313 
313 
313 
313 
313 
313 
313 
313 
313 
313 
313 
313 
313 
313 
313 
313 
313 
313 
313 
312 
312 
312 
312 
312 
312 
312 
312 
311 
311 
311 
311 
310 
310 
310 
310 
310 
309 
309 
309 
309 
309 
308 
308 
308 
308 
308 
308 
308 
308 
308 
308 
308 
308 
308 
308 
308 
308 
307 
307 
307 
307 
307 
307 
307 
307 
307 
307 
307 
307 
307 
307 
307 
307 
307 
307 
307 
307 
307 
307 
306 
306 
306 
306 
306 
306 
306 
306 
306 
306 
306 
306 
306 
306 
306 
306 
306 
306 
306 
306 
306 
306 
306 
306 
306 
306 
306 
306 
306 
306 
306 
306 
307 
307 
307 
307 
307 
307 
307 
307 
307 
307 
307 
307 
307 
307 
307 
307 
307 
307 
307 
307 
307 
307 
307 
307 
307 
307 
307 
307 
307 
307 
307 
307 
307 
307 
307 
307 
307 
307 
307 
307 
307 
307 
307 
307 
307 
307 
307 
307 
307 
307 
307 
307 
307 
307 
307 
307 
307 
307 
307 
307 
307 
307 
307 
307 
307 
308 
308 
308 
308 
308 
308 
308 
308 
308 
308 
308 
308 
308 
308 
308 
308 
308 
308 
308 
308 
308 
308 
308 
308 
308 
308 
308 
308 
308 
308 
308 
308 
308 
308 
308 
308 
308 
308 
308 
308 
308 
308 
308 
308 
308 
308 
308 
308 
308 
308 
308 
308 
308 
308 
308 
308 
308 
308 
308 
308 
308 
308 
308 
308 
308 
308 
308 
308 
308 
308 
308 
308 
308 
