345 
345 
345 
345 
345 
345 
345 
345 
345 
346 
346 
346 
346 
346 
346 
346 
346 
346 
347 
347 
347 
347 
347 
347 
347 
347 
348 
348 
348 
348 
348 
348 
348 
347 
347 
347 
347 
192 
192 
191 
191 
192 
192 
192 
192 
192 
192 
191 
191 
191 
191 
191 
191 
191 
348 
347 
347 
347 
347 
347 
347 
347 
348 
349 
349 
349 
348 
348 
349 
348 
348 
347 
348 
348 
348 
192 
192 
193 
194 
194 
194 
194 
194 
194 
194 
192 
192 
192 
192 
192 
347 
348 
348 
348 
349 
350 
350 
351 
351 
352 
352 
352 
352 
352 
352 
351 
350 
350 
350 
350 
349 
348 
347 
193 
193 
194 
194 
193 
191 
191 
192 
192 
192 
192 
192 
347 
347 
347 
347 
348 
348 
348 
349 
350 
350 
351 
352 
352 
353 
354 
354 
355 
356 
356 
356 
357 
357 
357 
357 
357 
357 
357 
356 
356 
355 
355 
355 
355 
355 
354 
354 
354 
354 
354 
354 
353 
353 
353 
353 
353 
353 
353 
353 
353 
353 
353 
353 
353 
353 
352 
352 
352 
352 
352 
352 
352 
352 
352 
352 
352 
352 
352 
352 
352 
352 
352 
352 
