347 
347 
347 
347 
347 
347 
347 
347 
347 
347 
347 
347 
347 
347 
347 
347 
347 
347 
347 
347 
347 
347 
347 
347 
347 
347 
347 
347 
347 
347 
347 
347 
348 
348 
348 
348 
348 
348 
348 
348 
348 
348 
349 
349 
349 
350 
350 
350 
350 
350 
350 
350 
350 
350 
350 
350 
349 
349 
348 
348 
348 
348 
348 
348 
348 
347 
347 
348 
347 
347 
347 
347 
347 
347 
347 
347 
347 
347 
347 
347 
347 
348 
348 
348 
347 
347 
347 
347 
347 
347 
347 
347 
348 
348 
349 
349 
350 
350 
350 
350 
350 
349 
349 
349 
349 
349 
348 
348 
348 
348 
348 
348 
348 
347 
347 
346 
346 
346 
345 
345 
344 
344 
195 
195 
195 
345 
345 
346 
346 
346 
346 
346 
346 
346 
346 
346 
346 
346 
346 
346 
346 
346 
346 
346 
346 
346 
346 
346 
346 
346 
346 
346 
346 
346 
346 
346 
346 
346 
346 
346 
346 
346 
346 
346 
346 
346 
346 
346 
346 
346 
346 
346 
346 
346 
346 
346 
346 
346 
