102 
102 
102 
102 
102 
102 
102 
102 
102 
102 
102 
102 
102 
102 
102 
102 
102 
102 
102 
102 
102 
102 
102 
102 
102 
102 
102 
102 
102 
102 
102 
102 
102 
102 
102 
101 
101 
101 
101 
101 
101 
101 
101 
100 
100 
100 
99 
99 
99 
99 
99 
99 
99 
99 
99 
99 
100 
100 
101 
101 
101 
101 
101 
101 
102 
102 
102 
102 
102 
102 
102 
102 
102 
103 
103 
103 
103 
103 
103 
103 
103 
103 
103 
102 
103 
103 
103 
103 
103 
103 
103 
103 
102 
101 
101 
100 
100 
99 
99 
99 
100 
100 
100 
100 
100 
100 
101 
101 
101 
101 
101 
101 
102 
102 
102 
103 
103 
103 
104 
104 
105 
105 
74 
74 
74 
104 
104 
104 
103 
103 
103 
103 
103 
103 
103 
103 
103 
103 
104 
104 
104 
103 
103 
104 
104 
104 
103 
103 
103 
103 
103 
103 
103 
103 
103 
103 
103 
103 
103 
103 
103 
103 
103 
103 
103 
103 
103 
103 
103 
103 
103 
103 
103 
103 
103 
103 
103 
103 
