59 10
59 10
59 10
59 10
59 10
59 10
59 10
59 10
59 10
59 10
59 10
59 10
59 10
59 10
59 10
59 10
59 10
59 10
59 10
59 10
59 10
59 10
59 10
59 10
59 10
59 10
59 10
59 10
59 10
59 10
59 10
59 10
59 10
59 10
59 10
59 10
59 9.
59 9.
59 9.
59 9.
59 9.
59 9.
59 9.
59 9.
59 9.
59 9.
59 9.
59 9.
59 9.
59 9.
59 9.
59 9.
59 9.
59 9.
59 9.
59 9.
59 9.
59 9.
59 9.
59 9.
59 9.
59 9.
59 9.
59 9.
59 9.
59 9.
59 9.
59 9.
59 9.
59 9.
59 9.
59 9.
59 9.
59 9.
59 9.
59 9.
59 9.
59 6.
59 6.
59 6.
59 6.
59 6.
59 6.
59 6.
59 6.
59 6.
59 6.
59 6.
59 6.
59 6.
59 6.
59 6.
59 6.
59 6.
59 6.
59 6.
59 6.
59 6.
59 6.
59 6.
59 6.
59 6.
59 6.
59 6.
59 6.
59 6.
59 6.
59 6.
59 6.
59 6.
59 6.
59 6.
59 6.
59 6.
59 6.
59 6.
59 6.
59 6.
59 6.
59 6.
59 6.
59 6.
59 6.
59 6.
59 6.
59 6.
59 6.
59 6.
59 6.
59 6.
60 5.
60 5.
60 5.
60 5.
60 4.
61 3.
61 3.
62 2.
62 1.
62 1.
63 0.
63 0.
63 0.
63 0.
64 0.
64 0.
64 0.
64 0.
64 0.
64 0.
64 0.
64 0.
64 0.
63 0.
63 0.
63 0.
62 0.
62 1.
62 1.
61 1.
61 2.
60 2.
60 3.
59 3.
59 3.
58 3.
58 3.
57 3.
57 3.
56 3.
55 4.
55 5.
54 6.
54 8.
53 8.
53 9.
52 10
52 11
51 12
51 13
51 13
51 13
51 13
52 13
52 14
52 14
53 14
54 13
54 13
54 13
55 13
55 13
55 13
55 13
56 13
56 13
56 13
56 13
56 13
57 13
57 13
56 14
56 14
56 15
56 15
55 16
55 16
54 17
54 18
53 19
52 20
51 22
50 23
49 25
48 27
48 28
48 29
48 30
47 31
47 32
47 33
47 33
47 34
47 34
47 34
47 34
48 34
49 33
50 31
52 30
53 28
55 26
57 25
58 23
60 22
61 21
62 20
63 19
64 17
65 15
65 13
65 13
64 14
64 14
64 14
64 14
64 14
63 14
63 14
63 14
63 14
63 13
63 12
64 12
64 10
64 9.
65 7.
65 6.
65 4.
65 2.
66 1.
66 0.
66 -1
65 -2
65 -4
65 -5
65 -7
65 -8
65 -8
65 -1
65 -1
65 -1
65 -1
65 -1
65 -1
65 -1
65 -1
65 -1
65 -1
64 -2
64 -2
64 -2
64 -2
64 -2
64 -2
64 -2
64 -2
64 -2
64 -2
65 -2
65 -2
65 -2
65 -2
65 -2
65 -2
65 -2
65 -2
65 -2
64 -2
64 -3
64 -3
64 -3
64 -3
64 -2
64 -2
63 -2
62 -2
61 -2
60 -2
58 -2
57 -1
55 -1
54 -1
52 -1
51 -1
50 -1
49 -9
48 -8
47 -7
46 -5
45 -4
45 -3
44 -2
44 -1
43 0.
43 0.
42 1.
42 2.
42 3.
42 4.
42 4.
42 5.
43 6.
43 7.
43 8.
43 9.
42 10
43 11
44 11
45 10
46 10
48 10
48 10
49 10
50 10
50 10
51 10
51 10
52 10
52 9.
53 9.
53 9.
53 9.
54 9.
54 9.
53 10
53 10
52 11
51 12
50 13
49 14
49 14
49 15
49 16
49 17
49 17
49 18
50 18
50 19
50 19
51 19
51 18
52 18
52 18
53 18
54 19
55 19
55 19
56 19
56 19
56 19
56 19
56 19
56 19
57 19
57 19
57 18
58 18
58 17
59 16
60 15
60 15
61 14
61 13
62 12
62 11
63 9.
63 8.
64 6.
64 5.
65 3.
65 1.
65 0.
65 -1
65 -3
65 -4
65 -6
65 -7
65 -9
65 -1
65 -1
65 -1
65 -1
65 -1
65 -1
65 -1
65 -1
65 -1
65 -1
64 -1
64 -1
64 -1
64 -1
63 -1
63 -1
63 -1
63 -1
63 -1
62 -1
62 -1
62 -1
62 -1
62 -1
62 -1
61 -1
61 -1
61 -1
61 -1
61 -1
61 -1
61 -1
61 -1
61 -1
60 -1
60 -1
60 -1
60 -1
60 -1
60 -1
60 -1
60 -1
60 -1
60 -1
60 -1
60 -1
60 -1
60 -1
60 -1
59 -1
59 -1
59 -1
59 -1
59 -1
59 -1
59 -1
59 -1
59 -1
59 -1
59 -1
59 -1
59 -1
59 -1
59 -1
59 -1
59 -1
59 -1
59 -1
59 -1
59 -1
59 -1
59 -1
59 -1
59 -1
59 -1
59 -1
59 -1
59 -1
59 -1
59 -1
59 -1
59 -1
59 -1
59 -1
59 -1
59 -1
59 -1
59 -1
59 -1
59 -1
59 -1
59 -1
59 -1
59 -1
59 -1
59 -1
59 -1
59 -1
59 -1
59 -1
59 -1
59 -1
59 -1
59 -1
59 -1
59 -1
59 -1
58 -1
58 -1
58 -1
58 -1
57 -1
57 -9
56 -8
56 -7
55 -6
55 -6
54 -5
54 -5
54 -4
54 -4
54 -4
54 -3
54 -3
54 -3
54 -3
54 -3
54 -3
54 -3
54 -3
54 -3
54 -2
54 -2
55 -2
55 -2
55 -2
55 -2
55 -2
55 -2
56 -2
56 -2
56 -2
56 -2
56 -2
56 -2
56 -2
56 -1
56 -1
56 -1
56 -1
56 0.
55 0.
56 0.
56 0.
55 0.
55 0.
55 0.
54 1.
55 1.
55 1.
55 1.
55 1.
55 1.
56 1.
56 2.
56 2.
56 2.
55 3.
54 4.
53 5.
51 7.
50 9.
50 10
49 11
48 12
48 13
48 14
48 16
48 17
48 19
48 20
48 20
48 21
48 22
48 23
48 23
48 24
47 24
47 25
47 27
47 29
47 29
47 30
47 31
47 32
47 32
47 33
47 34
47 35
47 35
48 35
48 35
49 35
50 35
50 35
51 35
51 35
51 36
52 36
52 36
53 36
53 36
53 35
54 35
54 36
54 36
54 36
55 36
55 36
55 36
55 36
56 36
56 36
56 36
56 36
56 36
57 36
57 36
57 36
57 36
57 36
57 36
57 36
58 35
58 35
58 35
58 35
59 34
59 34
59 33
60 33
61 32
61 30
62 29
63 27
63 26
64 24
64 23
65 21
65 19
65 18
66 16
66 15
66 14
66 12
66 11
66 11
66 10
66 9.
65 8.
65 7.
65 6.
65 5.
65 4.
65 3.
65 2.
65 1.
65 0.
65 -1
65 -2
65 -3
65 -5
65 -6
65 -8
64 -1
64 -1
64 -1
64 -1
64 -1
63 -1
63 -1
63 -1
63 -2
64 -2
64 -2
64 -2
64 -2
64 -2
64 -2
64 -2
64 -2
64 -2
64 -2
64 -2
64 -2
64 -2
64 -2
64 -2
64 -2
64 -2
64 -2
64 -2
64 -2
64 -2
64 -2
64 -2
64 -2
64 -2
64 -3
64 -3
64 -3
64 -3
64 -3
64 -3
64 -3
64 -3
64 -3
64 -3
64 -3
64 -3
64 -3
64 -3
63 -3
63 -3
63 -3
62 -3
62 -3
61 -2
60 -2
59 -2
59 -2
58 -2
57 -2
56 -2
56 -2
55 -2
54 -1
53 -1
52 -1
51 -1
50 -1
49 -1
49 -1
48 -1
48 -1
48 -1
47 -9
46 -7
45 -6
44 -5
44 -4
44 -3
43 -2
43 -1
42 0.
42 0.
42 1.
42 1.
42 2.
43 2.
42 3.
42 4.
42 5.
42 5.
43 5.
43 5.
44 5.
46 7.
47 7.
48 7.
49 7.
49 6.
50 6.
50 6.
51 5.
52 4.
52 4.
52 5.
51 6.
50 8.
49 9.
48 10
48 11
47 12
46 13
46 14
45 16
45 18
45 19
45 21
45 21
45 20
46 20
47 20
48 19
49 19
51 19
52 19
53 18
53 16
54 17
54 17
54 17
54 17
55 17
55 16
55 16
55 15
55 15
56 15
56 16
56 15
57 15
58 14
59 12
60 10
61 8.
62 6.
62 5.
62 5.
62 4.
62 5.
62 6.
62 6.
62 6.
62 6.
61 5.
61 5.
61 5.
61 5.
61 5.
61 5.
60 5.
60 5.
60 7.
58 10
57 15
55 17
54 18
52 19
50 20
50 20
50 19
50 17
49 15
49 13
49 10
49 9.
49 7.
48 6.
48 5.
47 4.
47 4.
46 3.
45 3.
44 2.
43 2.
42 1.
41 0.
41 0.
41 0.
41 -1
40 -2
40 -3
39 -3
39 -3
39 -4
38 -4
38 -5
37 -5
36 -6
35 -6
34 -6
33 -6
33 -7
32 -7
32 -7
31 -7
31 -7
31 -7
31 -8
31 -8
31 -9
31 -9
31 -1
31 -1
32 -1
32 -1
32 -1
32 -1
32 -1
32 -1
32 -1
32 -1
32 -1
33 -1
33 -1
33 -1
33 -2
33 -2
33 -2
34 -2
35 -2
36 -2
38 -2
39 -2
41 -2
43 -3
45 -3
47 -3
47 -3
48 -3
48 -3
48 -4
48 -4
13 -5
13 -7
13 -8
13 -1
13 -1
13 17
13 16
12 16
12 16
12 16
12 16
12 15
12 15
12 15
12 15
12 14
12 14
11 14
11 13
11 13
11 13
11 13
11 13
11 13
11 12
11 12
11 12
11 11
10 11
70 10
70 99
70 94
70 89
69 81
67 71
66 61
64 55
62 47
60 41
55 28
52 23
49 20
47 16
43 14
42 13
37 10
36 10
33 9.
31 8.
30 8.
27 8.
26 8.
24 6.
22 6.
22 5.
20 5.
20 4.
19 3.
19 2.
19 1.
19 0.
20 0.
20 0.
21 -1
22 -2
24 -2
27 -2
29 -2
31 -2
34 -2
38 -1
41 -1
44 -2
48 -3
50 -6
53 -6
55 -4
57 1.
59 16
61 59
63 98
65 11
66 11
11 11
11 11
11 11
11 11
11 11
10 11
70 10
70 10
70 93
71 89
71 88
72 91
73 94
74 99
74 10
10 10
10 10
10 10
10 10
74 10
74 96
73 90
72 81
70 70
67 57
64 46
61 37
59 32
57 26
55 21
53 16
51 13
49 11
47 10
47 9.
45 6.
44 5.
43 2.
42 0.
41 -1
40 -2
40 -3
39 -4
38 -4
38 -5
38 -6
39 -6
39 -7
39 -7
39 -8
40 -9
40 -1
41 -1
41 -1
41 -1
41 -1
42 -1
41 -1
41 -1
41 -2
40 -2
39 -2
38 -2
37 -1
36 -1
36 -1
35 -1
34 -1
33 -1
31 -1
29 -1
27 -1
25 -1
24 -1
23 -1
23 -1
22 -1
22 -1
22 -1
22 -9
22 -8
23 -7
23 -7
24 -8
25 -9
25 -1
26 -1
26 -1
27 -1
28 -1
29 -1
30 -1
30 -2
31 -2
32 -2
32 -2
33 -2
34 -2
35 -2
36 -2
37 -2
38 -2
39 -2
39 -2
40 -2
41 -3
42 -3
43 -3
43 -3
43 -3
43 -3
43 -3
43 -4
13 -4
13 -5
13 -5
13 -5
13 -5
13 -6
13 -7
13 -8
13 -1
13 16
13 15
13 14
13 14
13 14
13 14
12 14
12 13
53 12
54 11
56 95
56 72
57 53
57 38
57 28
57 21
58 16
58 15
58 13
59 10
59 9.
59 11
60 13
60 14
60 17
61 20
61 23
62 24
62 24
62 24
63 25
63 26
63 26
63 25
63 22
64 16
65 9.
66 4.
65 0.
65 -5
65 -1
64 -2
64 -2
64 -3
64 -3
64 -4
63 -4
63 -4
63 -4
61 -5
60 -5
60 -5
58 -4
57 -4
56 -4
55 -4
54 -4
53 -4
52 -4
52 -4
52 -4
52 -4
51 -4
51 -4
51 -4
51 -4
51 -4
51 -4
51 -4
50 -4
51 -4
51 -4
51 -4
51 -4
51 -4
50 -4
49 -4
48 -4
47 -4
47 -4
47 -4
47 -4
47 -4
47 -4
48 -4
48 -4
48 -4
48 -4
48 -4
47 -4
47 -4
47 -4
47 -4
48 -4
49 -4
13 -5
13 -5
13 -5
13 -5
13 -5
13 -5
13 -5
13 -5
13 -4
13 -4
13 -4
13 -4
13 -4
13 -4
13 -4
13 -4
13 -4
13 -4
13 -4
13 -4
13 -4
13 -4
13 -4
13 -4
13 -4
13 -4
13 -4
13 -4
13 -4
13 -4
13 -4
13 -4
13 -4
13 -4
13 -4
13 -4
13 -4
13 -4
13 -4
13 -4
13 -4
13 -4
13 -4
13 -4
13 -4
13 -4
13 -4
13 -4
13 -4
13 -4
13 -4
13 -4
13 -4
13 -4
13 -4
13 -4
13 -4
13 -4
13 -4
13 -4
13 -4
13 -4
13 -4
13 -4
13 -4
13 -4
13 -4
13 -4
13 -4
13 -4
13 -4
13 -4
13 -4
13 -4
13 -4
13 -4
13 -4
13 -4
13 -4
13 -4
13 -4
13 -4
13 -4
13 -4
13 -4
13 -4
13 -4
13 -4
13 -4
13 -4
13 -4
13 -4
13 -4
13 -4
13 -4
13 -4
13 -4
13 -4
13 -4
13 -4
13 -4
13 -4
13 -4
13 -4
13 -4
13 -4
13 -4
13 -4
13 -4
13 -4
13 -4
13 -5
14 -5
13 -5
13 -5
13 -5
13 -6
13 -6
13 -6
13 -6
13 -6
13 -6
13 -6
13 -6
13 -6
13 -6
13 -6
13 -6
13 -6
13 -6
13 -6
13 -5
13 -5
13 -5
13 -5
13 -5
13 -5
13 -5
13 -5
13 -5
13 -5
13 -5
13 -5
13 -5
13 -5
13 -5
13 -5
13 -5
13 -5
13 -5
13 -5
13 -5
13 -5
13 -5
13 -5
13 -5
13 -5
13 -5
13 -5
13 -5
13 -5
13 -5
13 -5
13 -5
13 -5
13 -5
13 -5
13 -5
13 -5
13 -5
13 -5
13 -5
13 -5
13 -5
13 -5
13 -5
13 -5
13 -5
13 -5
13 -5
13 -5
13 -5
13 -5
13 -5
13 -5
13 -5
13 -5
13 -5
13 -5
13 -5
13 -5
13 -5
13 -5
13 -5
13 -5
13 -5
13 -5
13 -5
13 -5
13 -5
13 -5
13 -5
13 -5
13 -5
13 -5
13 -5
13 -5
13 -5
13 -5
13 -5
13 -5
13 -5
13 -5
13 -5
13 -5
13 -5
13 -5
13 -5
13 -5
13 -5
13 -5
13 -5
13 -5
13 -5
13 -5
13 -5
13 -5
13 -5
13 -5
13 -5
13 -5
13 -5
13 -5
13 -5
13 -5
13 -5
13 -5
13 -5
13 -5
13 -5
13 -5
13 -5
13 -5
13 -5
13 -5
13 -5
13 -5
13 -5
13 -5
13 -5
13 -5
13 -5
13 -4
46 -4
44 -3
41 -3
39 -3
37 -3
36 -3
35 -3
36 -3
37 -4
38 -4
38 -4
38 -4
39 -4
39 -4
40 -4
40 -4
41 -4
41 -4
41 -4
41 -4
13 -4
13 -4
13 -4
13 -4
13 -4
13 -4
13 -4
13 -4
13 -4
13 -4
13 -4
13 -4
13 -4
13 -4
13 -4
13 -4
13 -4
13 -4
13 -4
13 -4
13 -4
13 -4
13 -4
13 -4
13 -4
13 -4
13 -4
13 -4
13 -4
13 -4
13 -4
13 -4
13 -4
13 -4
13 -4
13 -4
13 -4
13 -4
13 -4
13 -4
13 -4
13 -4
13 -4
13 -4
13 -4
13 -4
13 -4
13 -4
13 -4
13 -4
13 -4
13 -4
13 -4
13 -4
13 -4
13 -4
14 -4
14 -4
14 -4
14 -4
14 -4
14 -4
14 -4
13 -4
13 -5
13 -5
13 -5
13 -5
13 -5
13 -5
13 -5
13 -5
13 -5
13 -5
13 -5
13 -5
13 -5
13 -5
13 -5
13 -5
13 -5
13 -5
13 -5
13 -5
13 -5
13 -5
13 -5
13 -5
13 -5
13 -4
13 -4
45 -4
43 -3
39 -3
36 -3
36 -3
37 -3
38 -4
38 -4
39 -4
39 -4
39 -4
40 -4
40 -4
42 -4
43 -4
13 -4
13 -4
13 -5
13 -5
13 -5
13 -5
13 -5
13 -5
13 -5
13 -5
13 -5
13 -4
13 -4
13 -4
13 -4
13 -4
13 -4
47 -4
47 -4
47 -4
48 -4
48 -4
48 -4
48 -4
48 -4
13 -4
13 -4
13 -4
13 -4
13 -5
13 -5
13 -6
13 -6
13 -6
13 -6
13 -6
13 -5
13 -5
13 -5
13 -5
13 -5
13 -5
13 -4
45 -4
45 -4
44 -4
42 -4
40 -3
39 -3
39 -4
39 -4
40 -4
41 -4
42 -4
42 -4
43 -4
13 -4
13 -4
13 -4
41 -4
41 -3
42 -3
43 -3
44 -2
43 -2
41 -1
39 -1
38 -9
37 -6
35 -4
35 -3
37 -5
39 -8
40 -1
41 -1
43 -1
45 -1
46 -1
47 -1
47 -1
48 -1
49 -1
50 -2
51 -2
51 -2
52 -2
53 -1
55 -2
56 -2
57 -1
58 -1
58 -1
58 -1
58 -1
58 -1
58 -1
58 -1
57 -1
58 -1
58 -1
58 -1
58 -1
58 -9
58 -9
58 -9
58 -9
58 -6
58 -5
58 -5
58 -5
58 -4
58 0.
58 0.
58 0.
58 0.
58 0.
58 0.
58 0.
58 0.
58 0.
58 0.
58 0.
58 -1
59 -1
59 -1
59 -1
59 -1
59 -1
59 -1
59 -1
59 -1
59 -1
59 -1
59 -1
59 -1
59 -1
59 -1
59 -1
59 -1
59 -1
59 -1
59 -1
59 -1
59 -1
59 -1
59 -1
59 -1
59 -1
59 -1
59 -1
59 -1
59 -1
59 -1
59 -1
59 -1
59 -1
59 -1
59 -1
59 -1
59 -1
59 -1
59 -1
59 -1
59 -1
59 -1
59 -1
59 -1
59 -1
59 -1
59 -1
60 -1
60 -1
60 -1
60 -1
60 -1
60 -1
60 -1
60 -1
60 -1
60 -1
60 -1
60 -1
60 -1
60 -1
60 -1
60 -1
60 -1
60 -1
60 -1
60 -1
60 -1
60 -1
60 -1
60 -1
60 -1
60 -1
60 -1
60 -1
60 -1
60 -1
60 -1
60 0.
60 0.
60 0.
60 0.
60 0.
60 0.
60 0.
60 0.
60 0.
60 0.
60 0.
60 0.
60 0.
60 0.
60 0.
60 0.
60 0.
60 0.
60 0.
60 0.
60 0.
60 0.
60 0.
60 0.
60 0.
60 0.
60 0.
60 0.
60 0.
60 0.
60 0.
60 0.
60 0.
60 0.
60 0.
60 0.
60 0.
60 0.
60 0.
60 0.
60 0.
60 0.
60 0.
60 0.
60 0.
60 0.
60 0.
60 0.
60 0.
60 0.
60 0.
60 0.
60 0.
60 0.
60 0.
60 0.
60 0.
60 0.
60 0.
60 0.
60 0.
60 0.
60 0.
60 0.
60 0.
60 0.
60 0.
60 0.
60 0.
60 0.
60 0.
60 0.
60 0.
60 0.
60 0.
60 0.
60 0.
60 0.
60 0.
60 0.
60 0.
60 0.
60 0.
60 0.
60 0.
60 0.
60 0.
60 0.
60 0.
60 0.
60 0.
60 0.
60 0.
60 0.
60 0.
60 0.
60 0.
60 0.
60 0.
60 0.
60 0.
60 0.
60 0.
60 0.
60 0.
60 0.
60 0.
60 0.
60 0.
60 0.
60 0.
60 0.
60 0.
60 0.
60 0.
60 0.
60 0.
60 0.
60 0.
60 0.
60 0.
60 0.
60 0.
60 0.
60 0.
60 0.
60 0.
60 0.
60 0.
60 0.
60 0.
60 0.
60 0.
60 0.
60 0.
60 0.
60 0.
60 0.
60 0.
60 0.
60 0.
60 0.
60 0.
60 0.
60 0.
60 0.
60 0.
60 0.
60 0.
60 0.
60 0.
60 0.
60 0.
60 0.
60 0.
60 0.
60 0.
60 0.
60 0.
60 0.
60 0.
60 0.
60 0.
60 0.
60 0.
60 0.
60 0.
60 0.
60 0.
60 0.
60 0.
60 0.
60 0.
60 0.
60 0.
59 1.
59 1.
59 0.
59 0.
59 0.
59 -1
59 -1
59 -5
60 -1
60 -2
61 -3
62 -3
61 -3
61 -4
61 -4
61 -5
60 -5
12 -6
12 -6
12 -6
12 -6
12 -6
12 -6
12 -6
12 -5
12 -5
12 -5
13 -5
13 -5
13 -5
13 -5
14 -5
14 -6
14 -6
14 -5
14 -6
14 -6
14 -6
14 -6
14 -6
14 -6
14 -6
14 -6
14 -7
14 -7
13 -7
13 -7
13 -7
13 -7
13 -7
14 -7
14 -6
14 -6
14 -6
14 -6
14 -6
14 -6
14 -6
13 -6
13 -6
13 -5
13 -5
12 -5
12 -5
12 -5
50 -4
50 -4
53 -5
51 -5
50 -4
47 -4
42 -4
36 -3
32 -3
29 -3
25 -3
23 -2
23 -2
23 -2
24 -2
25 -2
26 -2
27 -2
28 -3
30 -3
31 -3
32 -3
14 -3
14 -3
14 -3
14 -3
14 -3
14 -3
14 -4
13 -4
13 -4
13 -4
13 -4
13 -5
13 -5
14 -5
14 -5
14 -5
14 -5
14 -5
14 -5
14 -6
14 -6
14 -6
14 -6
14 -6
14 -6
14 -7
14 -7
14 -7
14 -7
14 -7
14 -7
14 -7
14 -7
14 -7
14 -7
13 -7
13 -7
13 -7
13 -7
13 -7
13 -7
13 -7
13 -7
13 -7
13 -7
13 -7
13 -7
13 -6
13 -6
13 -6
13 -6
13 -6
13 -6
12 -5
12 -5
12 -5
50 -4
49 -4
48 -4
47 -3
46 -4
46 -4
45 -4
44 -4
44 -4
44 -4
44 -4
43 -4
41 -4
40 -4
38 -4
36 -3
34 -3
33 -3
32 -3
32 -3
33 -3
34 -3
36 -3
37 -3
14 -3
14 -3
14 -3
14 -3
13 -4
13 -4
13 -4
13 -4
13 -4
13 -4
13 -4
13 -3
13 -4
13 -4
13 -4
13 -4
13 -4
13 -4
13 -4
13 -4
13 -4
13 -4
13 -4
13 -4
13 -4
13 -3
13 -3
13 -3
13 -3
13 -3
13 -4
13 -4
13 -4
13 -4
14 -4
14 -4
14 -4
14 -4
15 -5
15 -5
15 -6
15 -6
15 -6
15 -7
14 -7
14 -7
14 -7
14 -7
14 -7
14 -8
14 -8
14 -8
14 -8
14 -8
14 -8
14 -8
14 -8
14 -8
13 -8
13 -8
13 -7
13 -7
13 -7
13 -7
13 -7
13 -7
13 -7
13 -7
13 -7
13 -7
13 -6
13 -6
13 -6
13 -6
13 -6
13 -5
13 -5
13 -4
13 -4
13 -4
46 -4
46 -4
45 -4
45 -4
44 -4
44 -4
43 -4
43 -4
42 -3
41 -3
41 -3
40 -3
39 -3
39 -3
39 -3
40 -3
40 -3
40 -3
40 -4
40 -4
41 -4
41 -4
41 -4
41 -4
41 -4
41 -4
41 -4
41 -4
41 -4
41 -4
13 -4
13 -4
13 -4
13 -4
13 -4
13 -4
13 -4
13 -4
13 -4
13 -4
13 -4
13 -4
13 -4
13 -4
13 -4
13 -4
13 -4
13 -4
13 -4
13 -4
13 -4
13 -4
13 -4
13 -4
13 -4
13 -4
13 -4
13 -4
13 -4
13 -4
13 -4
13 -4
13 -4
13 -4
13 -4
13 -4
13 -4
14 -4
14 -4
14 -4
14 -4
14 -4
14 -4
14 -4
14 -4
14 -5
14 -5
14 -5
14 -5
14 -5
14 -5
14 -6
14 -6
14 -6
14 -7
14 -7
14 -7
14 -7
14 -8
14 -8
14 -8
14 -8
14 -9
14 -9
14 -9
14 -9
14 -9
14 -9
14 -9
14 -9
14 -1
14 -1
14 -1
14 -1
14 -1
14 -1
14 -1
14 -1
13 -1
13 -9
13 -9
13 -8
13 -7
13 -6
13 -5
13 -4
44 -4
43 -3
42 -3
40 -3
39 -3
39 -3
38 -3
38 -3
36 -3
33 -3
32 -3
32 -3
32 -3
31 -3
31 -3
31 -3
31 -3
31 -3
32 -3
33 -3
33 -3
34 -3
34 -3
34 -3
34 -3
35 -3
35 -3
35 -3
36 -3
36 -3
37 -3
37 -3
37 -3
38 -3
38 -3
39 -3
39 -3
40 -4
40 -4
13 -4
13 -4
13 -4
13 -4
13 -4
13 -4
13 -4
13 -4
13 -4
13 -3
13 -3
13 -4
13 -4
13 -4
13 -4
13 -4
13 -3
13 -3
13 -3
13 -4
14 -4
14 -4
14 -4
14 -4
14 -4
14 -4
15 -4
15 -4
15 -4
15 -4
14 -4
14 -4
14 -4
14 -4
14 -4
14 -4
14 -4
14 -4
14 -4
14 -4
14 -4
14 -4
13 -4
13 -4
13 -4
13 -4
13 -4
13 -4
13 -4
13 -4
43 -4
44 -4
44 -4
44 -4
44 -4
44 -4
45 -4
45 -4
44 -4
44 -4
44 -4
45 -4
13 -4
13 -4
13 -4
14 -4
14 -4
14 -4
14 -4
14 -4
14 -4
14 -4
14 -5
14 -5
14 -6
14 -6
15 -6
15 -7
15 -7
15 -7
15 -8
15 -8
15 -8
15 -9
15 -9
15 -9
15 -1
15 -1
15 -1
14 -1
14 -9
14 -9
14 -9
14 -8
13 -7
13 -6
13 -5
43 -4
42 -3
41 -3
40 -3
38 -2
37 -2
36 -2
36 -2
37 -2
37 -3
37 -3
37 -3
37 -3
37 -3
38 -3
38 -3
38 -3
39 -3
39 -3
40 -3
40 -3
40 -3
41 -3
41 -3
41 -3
41 -3
41 -4
42 -4
42 -4
42 -4
43 -4
43 -4
43 -4
43 -4
43 -4
43 -4
44 -4
44 -4
13 -4
13 -4
13 -4
13 -4
13 -4
13 -4
13 -4
13 -4
13 -4
13 -4
13 -4
13 -4
13 -4
13 -4
13 -4
13 -4
13 -4
13 -4
13 -4
13 -4
13 -4
13 -4
13 -4
13 -4
13 -4
13 -4
13 -4
13 -4
13 -4
13 -4
13 -4
13 -4
13 -4
13 -4
13 -4
13 -4
13 -4
13 -4
13 -4
13 -4
13 -4
13 -4
13 -4
13 -4
13 -4
13 -4
13 -5
13 -5
13 -5
13 -5
13 -5
13 -5
13 -5
13 -5
13 -5
13 -5
13 -5
13 -5
13 -5
13 -5
13 -5
13 -5
13 -5
13 -5
13 -5
13 -5
13 -5
13 -5
13 -5
13 -5
13 -5
13 -5
13 -6
13 -6
13 -6
13 -6
13 -6
13 -6
13 -6
13 -6
13 -6
13 -6
13 -6
13 -6
13 -6
13 -6
13 -6
13 -6
13 -6
13 -6
13 -6
13 -6
13 -6
13 -6
13 -6
13 -6
13 -6
13 -6
13 -6
13 -6
13 -6
13 -6
13 -6
13 -6
13 -6
13 -6
13 -5
13 -5
49 -4
48 -3
47 -3
45 -2
43 -2
41 -2
38 -2
36 -2
36 -2
36 -2
36 -3
36 -3
36 -3
36 -3
36 -3
35 -3
35 -4
35 -4
34 -4
34 -4
34 -4
34 -4
34 -4
34 -4
35 -4
35 -4
35 -4
35 -4
34 -3
34 -3
34 -3
35 -3
35 -3
36 -3
36 -3
37 -3
37 -3
38 -3
14 -3
14 -3
14 -3
14 -3
14 -3
14 -3
14 -3
14 -3
14 -3
14 -3
13 -3
14 -3
14 -3
14 -3
13 -4
13 -4
13 -4
13 -4
13 -4
13 -3
13 -3
13 -3
13 -3
13 -3
13 -3
13 -3
13 -3
13 -3
13 -3
13 -3
13 -3
13 -3
13 -3
13 -3
13 -3
13 -3
13 -3
13 -3
13 -3
13 -3
13 -3
13 -3
13 -3
14 -3
14 -3
14 -3
14 -3
13 -3
13 -3
14 -3
14 -3
14 -3
14 -3
14 -4
14 -4
14 -4
14 -4
14 -4
14 -4
14 -4
14 -4
14 -4
14 -4
14 -4
14 -4
14 -4
14 -4
14 -4
14 -4
14 -4
14 -5
14 -5
14 -5
14 -5
14 -5
14 -5
14 -5
14 -5
14 -5
14 -5
14 -5
14 -5
14 -6
14 -6
14 -6
14 -7
14 -7
14 -7
14 -7
14 -7
14 -8
14 -8
14 -8
14 -9
14 -9
14 -9
14 -9
14 -1
14 -1
14 -1
14 -1
14 -1
14 -1
14 -1
14 -1
14 -1
14 -1
14 -1
14 -1
14 -1
14 -1
14 -1
14 -1
13 -1
13 -1
13 -1
13 -1
13 -1
13 -1
13 -1
13 -1
13 -1
13 -1
13 -1
13 -1
13 -1
13 -1
13 -1
13 -1
13 -1
13 17
13 17
13 17
13 17
13 17
13 17
13 17
13 17
13 17
13 17
13 17
13 17
13 17
13 17
13 17
13 17
13 17
13 17
13 17
13 16
13 16
13 16
13 16
13 16
13 16
13 16
13 16
13 16
13 16
13 16
13 16
13 16
13 16
13 16
13 16
13 16
13 16
13 16
13 16
13 16
13 16
13 16
13 16
12 16
12 16
12 15
12 14
12 13
55 10
54 88
51 70
47 58
43 50
39 43
36 36
32 31
29 26
25 20
23 15
21 12
20 9.
19 6.
19 3.
18 0.
18 -2
19 -5
19 -8
19 -1
19 -1
19 -1
20 -1
20 -1
20 -2
21 -2
22 -2
23 -2
23 -2
24 -2
25 -3
25 -3
26 -3
26 -3
26 -3
26 -3
27 -3
28 -3
28 -3
29 -3
29 -3
30 -3
30 -3
31 -3
31 -3
33 -3
35 -3
36 -3
37 -3
37 -3
14 -3
14 -3
13 -4
13 -4
13 -4
13 -4
13 -4
13 -4
13 -4
13 -4
13 -4
13 -4
13 -4
13 -4
13 -4
13 -4
45 -4
45 -4
46 -4
47 -3
48 -3
47 -3
45 -2
44 -2
42 -1
41 -1
41 -1
41 -9
41 -6
40 -1
41 3.
42 8.
43 11
45 14
47 18
49 22
50 26
50 28
49 31
49 33
50 34
50 35
51 36
51 37
52 37
53 36
55 36
57 37
58 37
59 38
59 39
58 41
58 42
59 45
59 47
59 48
58 50
58 50
58 51
59 51
60 52
61 53
62 54
63 56
64 57
64 57
65 58
65 59
66 60
66 61
66 61
66 61
67 62
67 63
67 63
67 63
68 63
69 64
71 65
73 66
74 66
75 65
75 64
76 62
78 61
79 62
79 61
78 44
77 3.
75 -2
74 -3
73 -4
73 -4
72 -5
72 -5
72 -5
73 -6
73 -6
72 -6
70 -6
67 -6
64 -5
63 -5
62 -5
61 -5
58 -5
12 -5
12 -5
12 -5
12 -5
12 -5
12 -5
12 -5
12 -5
12 -5
12 -5
12 -5
12 -5
12 -5
12 -5
12 -5
12 -5
12 -5
12 -5
12 -5
12 -5
12 -5
12 -5
12 -5
12 -5
12 -5
13 -4
13 -4
13 -4
13 -4
13 -4
12 -4
12 -4
12 -4
13 -4
13 -4
13 -4
13 -4
13 -4
13 -4
13 -4
13 -4
44 -4
41 -4
37 -3
33 -3
33 -2
35 -2
38 -2
38 -2
37 -2
38 -2
40 -1
42 -1
42 -8
42 -2
43 2.
43 7.
44 12
45 16
47 20
47 23
46 25
47 28
49 32
50 35
52 37
53 39
54 40
55 42
56 43
57 45
58 46
59 48
59 48
60 48
60 47
60 44
61 40
61 34
62 27
62 18
62 5.
62 -8
61 -2
60 -3
61 -3
61 -4
62 -4
63 -5
63 -5
63 -5
62 -5
62 -5
61 -5
60 -5
60 -5
59 -5
59 -5
58 -5
58 -5
57 -5
57 -5
56 -5
56 -5
55 -5
12 -5
12 -5
12 -5
12 -5
12 -5
12 -5
12 -5
12 -5
12 -5
12 -5
12 -5
12 -5
12 -5
12 -5
12 -5
12 -5
12 -5
12 -5
12 -5
12 -5
12 -5
12 -5
12 -5
12 -5
12 -5
12 -5
12 -5
12 -5
12 -5
12 -5
12 -5
12 -5
12 -4
12 -4
12 -4
12 -4
12 -4
12 -4
12 -4
12 -4
12 -4
13 -4
13 -4
46 -4
43 -4
41 -4
40 -3
39 -3
39 -3
39 -3
39 -3
38 -2
38 -2
38 -2
39 -1
39 -1
40 -7
40 -3
40 0.
41 3.
42 6.
43 9.
43 12
44 16
46 19
47 23
48 26
50 28
51 30
52 32
52 33
53 34
54 35
55 37
56 38
57 39
58 41
59 43
59 44
60 45
61 47
62 48
62 49
63 51
64 52
64 53
65 54
65 55
65 55
65 56
65 56
64 56
64 57
65 58
66 60
66 61
67 63
68 64
69 65
70 66
70 67
71 68
71 69
72 69
72 69
72 69
73 70
74 70
75 70
76 70
77 69
79 68
79 64
78 51
77 27
76 -7
76 -3
76 -5
75 -6
74 -6
74 -6
74 -7
73 -7
10 -7
10 -7
10 -7
10 -7
11 -7
11 -6
11 -6
65 -6
64 -6
62 -5
57 -4
53 -4
50 -3
49 -2
49 -2
48 -1
50 -1
52 -1
54 -1
55 -1
56 -1
59 -4
59 -3
60 -5
60 -6
61 -8
60 -8
61 -1
60 -1
60 -1
60 -1
61 -1
61 -1
60 -1
60 -1
60 -1
60 -1
60 -1
60 -1
60 -1
60 -1
60 -1
60 -1
60 -1
60 -1
60 -1
60 -1
60 -1
60 -1
60 -1
60 -1
60 -1
60 -1
60 -1
60 -1
60 -1
60 -1
60 -1
60 -1
60 -1
60 -1
60 -1
60 -1
60 -1
60 -1
60 -1
60 -1
60 -1
60 -1
60 -1
61 -1
61 -1
61 -1
61 -1
61 -1
61 -1
61 -1
61 -1
61 -1
61 -1
61 -1
61 -1
61 -1
61 -1
61 -1
61 -1
61 -1
61 -1
61 -1
61 -1
61 -1
61 -1
61 -1
61 -1
61 -1
61 -1
61 -1
61 -1
61 -1
61 -1
61 -1
61 -1
61 -1
61 -1
61 -1
61 -1
61 -1
61 -1
61 -1
61 -1
61 -1
61 -1
61 -1
61 -1
61 -1
61 -1
61 -1
61 -1
61 -1
61 -1
61 -1
61 -1
61 -1
61 -1
61 -1
61 -1
61 -1
61 -1
61 -1
61 -1
61 -1
61 -1
61 -1
61 -1
61 -1
61 -1
61 -1
61 -1
61 -1
61 -1
61 -1
61 -1
61 -1
61 -1
61 -1
61 -1
61 -1
61 -1
61 -1
61 -1
61 -1
61 -1
61 -1
61 -1
61 -1
61 -1
61 -1
61 -1
61 -1
61 -1
61 -1
61 -1
61 -1
61 -1
61 -1
61 -1
61 -1
61 -1
61 -1
61 -1
61 -1
61 -1
61 -1
61 -1
61 -1
61 -1
61 -1
61 -1
61 -1
61 -1
61 -1
61 -1
61 -1
61 -1
61 -1
61 -1
61 -1
61 -1
61 -1
61 -1
61 -1
61 -1
61 -1
61 -1
61 -1
61 -1
61 -1
61 -1
61 -1
61 -1
61 -1
61 -1
61 -1
61 -1
61 -1
61 -1
61 -1
61 -1
61 -1
61 -1
61 -1
61 -1
61 -1
61 -1
61 -1
61 -1
61 -1
61 -1
61 -1
61 -1
61 -1
61 -1
61 -1
61 -1
61 -1
61 -1
61 -1
61 -1
61 -1
61 -1
61 -1
61 -1
61 -1
61 -1
61 -1
61 -1
61 -1
61 -1
61 -1
61 -1
61 -1
61 -1
61 -1
61 -1
61 -1
61 -1
61 -1
61 -1
61 -1
61 -1
61 -1
61 -1
61 -1
61 -1
61 -1
61 -1
61 -1
61 -1
61 -1
61 -1
61 -1
61 -1
61 -1
61 -1
61 -1
