1474360349109 0.03 -0.020000000000000004
1474360349240 0.03 -0.020000000000000004
1474360349248 0.03 -0.020000000000000004
1474360349311 0.03 -0.020000000000000004
1474360349442 0.03 -0.020000000000000004
1474360349445 0.03 -0.020000000000000004
1474360349514 0.03 -0.020000000000000004
78 0.03 -0.010000000000000009
147 0.03 -0.020000000000000004
195 0.03 -0.020000000000000004
339 0.03 -0.020000000000000004
597 0.03 -0.020000000000000004
679 0.03 -0.020000000000000004
878 0.03 -0.020000000000000004
946 0.03 -0.020000000000000004
1212 0.03 -0.020000000000000004
1283 0.03 -0.020000000000000004
1294 0.03 -0.020000000000000004
1370 0.03 -0.020000000000000004
1831 0.03 -0.020000000000000004
1953 0.03 -0.020000000000000004
2091 0.03 -0.020000000000000004
2227 0.03 -0.020000000000000004
2357 0.03 -0.020000000000000004
2429 0.03 -0.020000000000000004
2762 0.03 -0.020000000000000004
2771 0.03 -0.020000000000000004
2829 0.03 -0.020000000000000004
2898 0.03 -0.020000000000000004
2965 0.03 -0.020000000000000004
3100 0.02 -0.020000000000000004
3234 0.01 -0.020000000000000004
3505 0.03 -0.020000000000000004
3579 0.03 -0.020000000000000004
3705 0.03 -0.020000000000000004
3713 0.03 -0.020000000000000004
3780 0.03 -0.020000000000000004
3974 0.03 -0.020000000000000004
4107 0.03 -0.020000000000000004
4379 0.03 -0.020000000000000004
4517 0.03 -0.020000000000000004
4579 0.03 -0.020000000000000004
4674 0.03 -0.020000000000000004
4822 0.03 -0.020000000000000004
4857 0.03 -0.020000000000000004
4931 0.03 -0.020000000000000004
4988 0.03 -0.020000000000000004
5261 0.03 -0.020000000000000004
5332 0.03 -0.020000000000000004
5394 0.03 -0.020000000000000004
5458 0.03 -0.020000000000000004
5595 0.03 -0.020000000000000004
5727 0.04 -0.020000000000000004
5866 0.03 -0.020000000000000004
5929 0.03 -0.020000000000000004
6063 0.03 -0.020000000000000004
6211 0.03 -0.020000000000000004
6289 0.03 -0.020000000000000004
6332 0.03 -0.020000000000000004
6482 0.03 -0.020000000000000004
6810 0.03 -0.020000000000000004
6887 0.03 -0.020000000000000004
7153 0.03 -0.020000000000000004
7247 0.03 -0.020000000000000004
7290 0.03 -0.020000000000000004
7362 0.03 -0.020000000000000004
7362 0.03 -0.020000000000000004
7421 0.03 -0.020000000000000004
7561 0.03 -0.020000000000000004
7688 0.03 -0.020000000000000004
7893 0.03 -0.020000000000000004
8024 0.03 -0.020000000000000004
8031 0.03 -0.020000000000000004
8097 0.03 -0.020000000000000004
8106 0.03 -0.010000000000000009
8368 0.03 -0.020000000000000004
8581 0.03 -0.020000000000000004
8583 0.03 -0.020000000000000004
8974 0.03 -0.020000000000000004
8975 0.03 -0.020000000000000004
9135 0.03 -0.020000000000000004
9181 0.03 -0.020000000000000004
9247 0.03 -0.020000000000000004
9315 0.03 -0.020000000000000004
9382 0.03 -0.020000000000000004
9513 0.03 -0.020000000000000004
9539 0.03 -0.020000000000000004
9594 0.03 -0.020000000000000004
9785 0.03 -0.020000000000000004
9789 0.03 -0.020000000000000004
9912 0.03 -0.020000000000000004
9983 0.03 -0.020000000000000004
10189 0.03 -0.020000000000000004
10194 0.03 -0.020000000000000004
10463 0.03 -0.020000000000000004
10530 0.03 -0.020000000000000004
10673 0.03 -0.020000000000000004
10731 0.04 -0.020000000000000004
10938 0.04 -0.010000000000000009
11008 0.01 -0.010000000000000009
11344 0.02 -0.010000000000000009
11404 0.03 -0.010000000000000009
11467 0.04 -0.020000000000000004
11477 0.03 -0.010000000000000009
11548 0.02 -0.010000000000000009
11667 0.03 -0.020000000000000004
11809 0.03 -0.020000000000000004
11815 0.03 -0.010000000000000009
12014 0.02 -0.020000000000000004
12078 0.03 -0.020000000000000004
12140 0.03 -0.020000000000000004
12213 0.04 -0.020000000000000004
12225 0.03 -0.020000000000000004
12346 0.04 -0.020000000000000004
12422 0.02 -0.020000000000000004
12555 0.03 -0.010000000000000009
12627 0.05 -0.020000000000000004
12822 0.04 -0.020000000000000004
12892 0.03 -0.03
13018 0.02 -0.03
13086 -0.019999999999999997 -0.010000000000000009
13161 0.04 -0.010000000000000009
13161 -0.03 -0.020000000000000004
13224 0.02 0.009999999999999995
13231 -0.54 0.0
13354 -0.5599999999999999 0.0
13502 0.21000000000000002 0.28
13563 0.06999999999999999 0.32
13701 -0.049999999999999996 -0.31
14034 0.03 0.019999999999999997
14168 0.02 0.0
14267 0.06999999999999999 -0.010000000000000009
14318 0.04 -0.010000000000000009
14321 0.04 -0.010000000000000009
14911 0.04 -0.010000000000000009
15049 0.01 0.0
15127 0.04 -0.010000000000000009
15183 0.03 -0.010000000000000009
15248 0.04 -0.010000000000000009
15716 0.03 -0.010000000000000009
15855 0.03 -0.010000000000000009
16065 0.03 -0.010000000000000009
16127 0.03 -0.010000000000000009
16189 0.03 -0.010000000000000009
16260 0.03 -0.010000000000000009
16268 0.03 -0.010000000000000009
16393 0.03 -0.010000000000000009
16595 0.03 -0.010000000000000009
16887 0.03 -0.010000000000000009
16937 0.03 -0.010000000000000009
17067 0.03 -0.010000000000000009
17414 0.03 -0.010000000000000009
17624 0.03 -0.010000000000000009
17885 0.03 -0.010000000000000009
17949 0.03 -0.010000000000000009
18026 0.03 -0.010000000000000009
