105 
105 
105 
105 
105 
105 
105 
105 
105 
105 
105 
105 
105 
105 
105 
105 
105 
105 
105 
105 
105 
105 
105 
105 
105 
105 
105 
106 
106 
106 
106 
107 
107 
107 
107 
73 
73 
73 
73 
73 
73 
73 
73 
73 
73 
73 
73 
73 
74 
74 
73 
73 
73 
73 
73 
73 
73 
73 
73 
73 
73 
73 
73 
74 
74 
74 
74 
73 
73 
73 
73 
73 
74 
74 
75 
75 
75 
76 
76 
76 
76 
75 
74 
74 
74 
74 
105 
105 
105 
105 
104 
104 
105 
105 
105 
105 
105 
105 
105 
105 
105 
105 
105 
105 
105 
105 
105 
105 
105 
105 
105 
105 
105 
105 
105 
105 
105 
104 
104 
104 
104 
104 
104 
104 
104 
104 
104 
104 
104 
104 
104 
104 
104 
104 
104 
104 
104 
104 
104 
104 
104 
104 
104 
104 