345 
345 
345 
345 
345 
345 
345 
345 
345 
345 
344 
344 
344 
344 
345 
345 
345 
345 
345 
345 
345 
344 
344 
344 
344 
344 
344 
344 
343 
343 
343 
343 
342 
342 
342 
196 
196 
196 
196 
196 
196 
196 
196 
196 
196 
196 
196 
195 
195 
195 
195 
195 
195 
195 
195 
195 
195 
195 
195 
195 
195 
194 
194 
194 
194 
194 
194 
194 
195 
195 
195 
195 
195 
194 
194 
194 
194 
193 
193 
193 
193 
194 
195 
195 
195 
195 
344 
344 
344 
345 
345 
345 
344 
344 
344 
344 
344 
344 
344 
344 
344 
344 
344 
344 
344 
344 
344 
344 
344 
344 
344 
344 
344 
344 
344 
344 
345 
345 
345 
345 
345 
345 
345 
345 
345 
345 
345 
345 
345 
345 
345 
345 
345 
345 
345 
345 
345 
345 
345 
345 
345 
345 
345 
345 
