69 
69 
69 
69 
69 
70 
70 
70 
69 
69 
69 
69 
69 
69 
69 
69 
69 
69 
69 
69 
69 
66 
60 
52 
45 
35 
22 
4 
-19 
-38 
-51 
-58 
-63 
-67 
-69 
-74 
-75 
-76 
-77 
-77 
-77 
-77 
-77 
-78 
-78 
-78 
-78 
-79 
-79 
-79 
-79 
-80 
-80 
-81 
-81 
-82 
-82 
-82 
-81 
-81 
-81 
-80 
-80 
-80 
-79 
-79 
-79 
-78 
-77 
-77 
-76 
-76 
-76 
-76 
-76 
-76 
-76 
-77 
-77 
-77 
-77 
-76 
-75 
-75 
-75 
-74 
-74 
-74 
-74 
-74 
-74 
-74 
-73 
-73 
-73 
-73 
-73 
-73 
-73 
-73 
-73 
-73 
-73 
-73 
-73 
-73 
-73 
-73 
-73 
-73 
-73 
-73 
-74 
-74 
-74 
-74 
-74 
-74 
-74 
-74 
-74 
-74 
-74 
-74 
-74 
-74 
-74 
-74 
-74 
-74 
-74 
-74 
-74 
-74 
-74 
-74 
-74 
-74 
-74 
-74 
-74 
-74 
-74 
-74 
